2L	4953	16204	1
2L	16284	16612	1
2L	16805	17086	1
2L	18561	18757	1
2L	18758	19040	1
2L	19120	19445	1
2L	19635	19894	1
2L	21366	21582	1
2L	21583	47501	1
2L	52365	64314	1
2L	64730	347931	1
2L	355196	359537	1
2L	365707	454132	1
2L	454626	454792	1
2L	455286	627321	1
2L	627359	686962	1
2L	695776	770498	1
2L	772066	782967	1
2L	784070	976913	1
2L	979081	979232	1
2L	979667	979864	1
2L	979965	980157	1
2L	982353	982549	1
2L	983251	983447	1
2L	984335	996756	1
2L	1005641	1220179	1
2L	1227412	1301781	1
2L	1302116	1310422	1
2L	1310705	1310767	1
2L	1311029	1311293	1
2L	1311398	1570742	1
2L	1573373	1618284	1
2L	1618361	1679026	1
2L	1686256	1711393	1
2L	1711498	1763782	1
2L	1764238	1764422	1
2L	1764476	1764675	1
2L	1765399	1765591	1
2L	1765920	1766052	1
2L	1766396	1766588	1
2L	1766869	1767089	1
2L	1769497	1769810	1
2L	1771205	1771412	1
2L	1773769	1773992	1
2L	1776191	1776357	1
2L	1776614	1776811	1
2L	1777035	1777221	1
2L	1777243	1777601	1
2L	1778945	1779140	1
2L	1781587	1795865	1
2L	1798280	1798517	1
2L	1799844	1800210	1
2L	1800244	1800419	1
2L	1800636	1800820	1
2L	1801092	1801251	1
2L	1806615	1806777	1
2L	1808963	1809204	1
2L	1811560	1811736	1
2L	1813082	1813135	1
2L	1813137	1813433	1
2L	1815858	1816093	1
2L	1816370	1816567	1
2L	1816921	1817051	1
2L	1817381	1817574	1
2L	1818305	1818688	1
2L	1819178	1893126	1
2L	1896841	1897011	1
2L	1900727	2018480	1
2L	2018484	2018672	1
2L	2018700	2018785	1
2L	2018818	2018883	1
2L	2018927	2019018	1
2L	2019019	2100415	1
2L	2109343	2112063	1
2L	2119582	2294075	1
2L	2295301	2295494	1
2L	2299064	2337531	1
2L	2338035	2494026	1
2L	2494152	2565580	1
2L	2568824	2569010	1
2L	2571431	2661242	1
2L	2662852	2772641	1
2L	2779011	2933333	1
2L	2935296	3073081	1
2L	3078052	3161429	1
2L	3162364	3162533	1
2L	3163466	3168613	1
2L	3168916	3169087	1
2L	3169394	3202776	1
2L	3209985	3251525	1
2L	3258874	3388632	1
2L	3388660	3563768	1
2L	3563950	3564120	1
2L	3564303	3568542	1
2L	3568824	3568891	1
2L	3569172	3649834	1
2L	3654806	3785203	1
2L	3785272	3785943	1
2L	3786013	4066081	1
2L	4068669	4181307	1
2L	4183722	4456603	1
2L	4456802	4534577	1
2L	4534773	4534907	1
2L	4535041	4535235	1
2L	4535754	4535824	1
2L	4536599	4536694	1
2L	4546020	4601741	1
2L	4602228	4602406	1
2L	4608963	4644476	1
2L	4645571	4645948	1
2L	4646048	4661775	1
2L	4669226	4918215	1
2L	4923052	4938161	1
2L	4938352	4938518	1
2L	4938524	4938575	1
2L	4940343	4940401	1
2L	4940546	4940641	1
2L	4940784	4953554	1
2L	4953571	5166032	1
2L	5167482	5170147	1
2L	5171926	5171984	1
2L	5172235	5173327	1
2L	5179570	5181701	1
2L	5183083	5265093	1
2L	5265112	5267617	1
2L	5267634	5342789	1
2L	5344944	5369778	1
2L	5369886	5370135	1
2L	5370241	5570903	1
2L	5571913	5827758	1
2L	5828915	5829111	1
2L	5835499	5835585	1
2L	5836532	6101115	1
2L	6101334	6152502	1
2L	6152897	6363184	1
2L	6364278	6364447	1
2L	6365888	6426905	1
2L	6431365	6431557	1
2L	6435817	6436010	1
2L	6444931	6517954	1
2L	6519138	6519253	1
2L	6519293	6594571	1
2L	6594936	6876812	1
2L	6882784	6991449	1
2L	6998370	7066097	1
2L	7067367	7232187	1
2L	7232577	7257560	1
2L	7257955	7343376	1
2L	7343809	7344000	1
2L	7347758	7347952	1
2L	7349049	7349232	1
2L	7349537	7349727	1
2L	7350259	7548112	1
2L	7549325	7549489	1
2L	7550339	7676261	1
2L	7676362	7676533	1
2L	7676638	7720228	1
2L	7720233	7723885	1
2L	7723891	7729123	1
2L	7734666	7734834	1
2L	7735103	7735263	1
2L	7740807	7740988	1
2L	7741253	7959070	1
2L	7959858	7960024	1
2L	7960274	7977106	1
2L	7983870	8013663	1
2L	8018634	8018858	1
2L	8023426	8353626	1
2L	8354462	8428528	1
2L	8429540	8452462	1
2L	8461098	8461158	1
2L	8461408	8594512	1
2L	8601342	8723154	1
2L	8730562	8730616	1
2L	8731310	8963980	1
2L	8964019	8966401	1
2L	8966439	9000330	1
2L	9007608	9177763	1
2L	9177800	9177973	1
2L	9178011	9218008	1
2L	9222551	9393538	1
2L	9396278	9475086	1
2L	9485047	9898423	1
2L	9900354	9900413	1
2L	9902332	9931307	1
2L	9931473	9931666	1
2L	9931832	9973759	1
2L	9980663	10138196	1
2L	10143215	10156371	1
2L	10163594	10592792	1
2L	10594042	10594108	1
2L	10600322	10642150	1
2L	10642500	10642964	1
2L	10643163	10644531	1
2L	10644883	10645340	1
2L	10645537	10697290	1
2L	10697615	10830794	1
2L	10831160	10862885	1
2L	10864252	10876566	1
2L	10883423	10946993	1
2L	10947834	10948002	1
2L	10955975	11197348	1
2L	11197398	11197652	1
2L	11197817	11198003	1
2L	11198055	11200476	1
2L	11200646	11215084	1
2L	11218564	11268185	1
2L	11268656	11269887	1
2L	11270335	11315280	1
2L	11317485	11540622	1
2L	11547801	11563687	1
2L	11568657	11614087	1
2L	11615359	11713557	1
2L	11720791	11896906	1
2L	11896956	11897151	1
2L	11899858	11900035	1
2L	11900090	11992215	1
2L	11995961	11996126	1
2L	11999875	12067371	1
2L	12074204	12178767	1
2L	12178875	12179071	1
2L	12179179	12214241	1
2L	12219285	12219452	1
2L	12224498	12417746	1
2L	12417747	12558362	1
2L	12565266	12701206	1
2L	12701229	12728963	1
2L	12728984	12731115	1
2L	12735636	12739178	1
2L	12743737	12781828	1
2L	12784505	12784595	1
2L	12789056	12791661	1
2L	12795077	12861749	1
2L	12862978	12894070	1
2L	12895299	12933884	1
2L	12941135	12977288	1
2L	12977353	12977424	1
2L	12977427	13001842	1
2L	13001962	13003106	1
2L	13003110	13211888	1
2L	13211985	13215770	1
2L	13215850	13242002	1
2L	13244161	13244341	1
2L	13244407	13405702	1
2L	13410252	13449492	1
2L	13456703	13481486	1
2L	13481854	13522289	1
2L	13527383	13560503	1
2L	13565036	13599207	1
2L	13600173	13627036	1
2L	13627165	13627368	1
2L	13627502	13646753	1
2L	13648957	13649310	1
2L	13655629	13655801	1
2L	13658005	13658358	1
2L	13664676	13761848	1
2L	13762710	13853122	1
2L	13856087	13856158	1
2L	13862053	14161985	1
2L	14162060	14162112	1
2L	14162153	14162221	1
2L	14162685	14465592	1
2L	14465830	14466044	1
2L	14467309	14467487	1
2L	14468848	14513539	1
2L	14513811	14618919	1
2L	14618929	14642620	1
2L	14651552	14735072	1
2L	14738970	14739143	1
2L	14743039	14803926	1
2L	14808901	14879274	1
2L	14879725	14880977	1
2L	14881086	14881531	1
2L	14881659	14882342	1
2L	14882794	14882994	1
2L	14883102	14883621	1
2L	14883754	14890003	1
2L	14890181	14984413	1
2L	14991879	15197011	1
2L	15197073	15197240	1
2L	15197305	15446100	1
2L	15447630	15447822	1
2L	15453336	15586455	1
2L	15593287	15653133	1
2L	15692083	15692253	1
2L	15722967	15723149	1
2L	15727396	15826895	1
2L	15828997	15838478	1
2L	15839726	15865299	1
2L	15865377	15883049	1
2L	15883128	15924793	1
2L	15925804	15956067	1
2L	15957310	16141203	1
2L	16146184	16153768	1
2L	16160610	16254923	1
2L	16254948	16280293	1
2L	16281240	16511997	1
2L	16518895	16845517	1
2L	16846122	16846553	1
2L	16846558	16847881	1
2L	16847884	16848557	1
2L	16848635	16848973	1
2L	16849015	16849085	1
2L	16849090	16849342	1
2L	16850120	16850907	1
2L	16851515	16851957	1
2L	16851962	16853088	1
2L	16853091	16853297	1
2L	16853380	16853575	1
2L	16853616	16853687	1
2L	16853691	16853898	1
2L	16854678	16958144	1
2L	16962735	17144277	1
2L	17150686	17150856	1
2L	17151822	17167593	1
2L	17167629	17199200	1
2L	17200441	17273231	1
2L	17277778	17335584	1
2L	17336528	17687530	1
2L	17692076	17727883	1
2L	17729128	17819958	1
2L	17824946	17911990	1
2L	17913957	17951985	1
2L	17953229	18051923	1
2L	18060822	18113582	1
2L	18113637	18408060	1
2L	18412648	18424166	1
2L	18424260	18424437	1
2L	18424530	18581420	1
2L	18584067	18633620	1
2L	18638212	18829084	1
2L	18829547	18829880	1
2L	18829886	18830194	1
2L	18830198	18831773	1
2L	18831789	18832094	1
2L	18832103	18832358	1
2L	18832812	19147396	1
2L	19154211	19345069	1
2L	19347342	19347536	1
2L	19347776	19347954	1
2L	19354763	19354954	1
2L	19357035	19399620	1
2L	19399953	19532409	1
2L	19532894	19534008	1
2L	19534403	19620136	1
2L	19620879	19652605	1
2L	19657481	19657574	1
2L	19665099	19665286	1
2L	19668251	19668463	1
2L	19673039	19673189	1
2L	19673822	19703573	1
2L	19711418	19711575	1
2L	19712488	19737397	1
2L	19739939	19740131	1
2L	19740635	19762851	1
2L	19762858	19812568	1
2L	19812995	19815255	1
2L	19815676	19936296	1
2L	19936480	19937199	1
2L	19937481	19938023	1
2L	19938169	19938795	1
2L	19938863	19939139	1
2L	19939245	20005910	1
2L	20010764	20107146	1
2L	20107348	20107591	1
2L	20108175	20108366	1
2L	20108834	20109060	1
2L	20109638	20110052	1
2L	20110096	20110296	1
2L	20110383	20110936	1
2L	20111239	20111417	1
2L	20111498	20111576	1
2L	20111942	20113191	1
2L	20113201	20113400	1
2L	20113563	20118048	1
2L	20118084	20148633	1
2L	20149511	20149590	1
2L	20149855	20150155	1
2L	20150996	20151203	1
2L	20151212	20151408	1
2L	20152107	20152307	1
2L	20152628	20152740	1
2L	20152845	20153084	1
2L	20159289	20159347	1
2L	20161498	20161634	1
2L	20164080	20165061	1
2L	20165182	20165747	1
2L	20165898	20166455	1
2L	20166473	20166656	1
2L	20166830	20167001	1
2L	20169346	20169579	1
2L	20169584	20169730	1
2L	20169894	20174947	1
2L	20174985	20175798	1
2L	20175907	20176048	1
2L	20176590	20176757	1
2L	20197848	20198144	1
2L	20199078	20199250	1
2L	20200490	20200661	1
2L	20200863	20201041	1
2L	20201256	20202037	1
2L	20202126	20203819	1
2L	20203823	20205442	1
2L	20205985	20206156	1
2L	20206317	20206505	1
2L	20206524	20207391	1
2L	20207434	20207558	1
2L	20208257	20208443	1
2L	20208581	20208745	1
2L	20208758	20208872	1
2L	20208978	20209164	1
2L	20209260	20209647	1
2L	20209649	20209707	1
2L	20210229	20210408	1
2L	20212851	20213821	1
2L	20214934	20215107	1
2L	20218041	20218216	1
2L	20219099	20219277	1
2L	20219330	20219526	1
2L	20219541	20219714	1
2L	20219873	20220037	1
2L	20220578	20220777	1
2L	20221145	20221317	1
2L	20221898	20222078	1
2L	20222660	20272146	1
2L	20272595	20272777	1
2L	20275361	20275446	1
2L	20276451	20276639	1
2L	20277729	20277908	1
2L	20282188	20282351	1
2L	20282639	20303210	1
2L	20310449	20372270	1
2L	20372288	20407835	1
2L	20412716	20442279	1
2L	20451224	20451397	1
2L	20460337	20568699	1
2L	20568857	20576267	1
2L	20578105	20578178	1
2L	20583506	20635277	1
2L	20635283	20635471	1
2L	20635495	20647954	1
2L	20648001	20648188	1
2L	20648232	20740280	1
2L	20744717	20744884	1
2L	20747942	20835834	1
2L	20836330	20891582	1
2L	20896452	20901490	1
2L	20902440	20976700	1
2L	20981275	21020316	1
2L	21021759	21021866	1
2L	21022056	21022275	1
2L	21023766	21041176	1
2L	21042470	21042656	1
2L	21048915	21048982	1
2L	21049211	21149908	1
2L	21149927	21151192	1
2L	21151215	21186669	1
2L	21186777	21186946	1
2L	21187056	21199382	1
2L	21199781	21201693	1
2L	21202095	21249215	1
2L	21249233	21268871	1
2L	21268909	21269189	1
2L	21269201	21269284	1
2L	21269345	21269596	1
2L	21269636	21270274	1
2L	21270307	21337888	1
2L	21338120	21347603	1
2L	21354257	21354343	1
2L	21354839	21372890	1
2L	21372892	21395003	1
2L	21395033	21395090	1
2L	21395448	21397511	1
2L	21397627	21397820	1
2L	21397938	21397998	1
2L	21398003	21398303	1
2L	21398315	21398410	1
2L	21398476	21398718	1
2L	21398987	21399168	1
2L	21399238	21399455	1
2L	21399665	21399910	1
2L	21399912	21401540	1
2L	21401585	21401717	1
2L	21402204	21402734	1
2L	21402875	21403084	1
2L	21403327	21403950	1
2L	21404565	21404733	1
2L	21405347	21405654	1
2L	21405958	21406210	1
2L	21406285	21406466	1
2L	21407279	21407484	1
2L	21408622	21408800	1
2L	21409590	21409781	1
2L	21409898	21410077	1
2L	21410970	21411139	1
2L	21412960	21413129	1
2L	21413572	21413734	1
2L	21413818	21414010	1
2L	21414146	21414373	1
2L	21415012	21415399	1
2L	21415800	21416324	1
2L	21428903	21429017	1
2L	21429846	21430113	1
2L	21440912	21441089	1
2L	21441749	21441918	1
2L	21448487	21448570	1
2L	21450050	21450215	1
2L	21486568	21486767	1
2L	21502618	21502673	1
2L	21539278	21539435	1
2L	21539962	21540131	1
2L	21540756	21540914	1
2L	21543500	21543766	1
2L	21543889	21544142	1
2L	21544634	21545276	1
2L	21545294	21546167	1
2L	21548145	21548323	1
2L	21549071	21549242	1
2L	21550359	21550535	1
2L	21550990	21551162	1
2L	21552742	21552901	1
2L	21553146	21553336	1
2L	21553541	21553713	1
2L	21554881	21555102	1
2L	21555215	21555429	1
2L	21555863	21556691	1
2L	21556769	21560573	1
2L	21560603	21560777	1
2L	21561108	21561300	1
2L	21562842	21563034	1
2L	21570046	21571776	1
2L	21572345	21572520	1
2L	21572851	21577259	1
2L	21577399	21579348	1
2L	21579487	21582286	1
2L	21582979	21583151	1
2L	21583266	21586625	1
2L	21587306	21589810	1
2L	21590492	21593633	1
2L	21593661	21596661	1
2L	21596758	21596841	1
2L	21596844	21597079	1
2L	21604590	21604989	1
2L	21605069	21609515	1
2L	21609546	21653220	1
2L	21656315	21656648	1
2L	21656670	21673470	1
2L	21674677	21674871	1
2L	21674923	21691858	1
2L	21698119	21706859	1
2L	21707025	21707232	1
2L	21707309	21707373	1
2L	21707418	21707550	1
2L	21707594	21715568	1
2L	21715585	21729894	1
2L	21729910	21731852	1
2L	21731961	21826714	1
2L	21826868	21826937	1
2L	21827117	21912226	1
2L	21912374	21927732	1
2L	21927777	21927848	1
2L	21927850	21929981	1
2L	21930014	21981732	1
2L	21990663	22059640	1
2L	22059656	22063130	1
2L	22063145	22066500	1
2L	22066954	22071158	1
2L	22072673	22086817	1
2L	22086954	22087197	1
2L	22087240	22087303	1
2L	22088047	22089217	1
2L	22089221	22102654	1
2L	22104165	22113101	1
2L	22113113	22113261	1
2L	22113403	22113488	1
2L	22113537	22113899	1
2L	22113974	22114042	1
2L	22114051	22115975	1
2L	22116549	22116612	1
2L	22116648	22119007	1
2L	22119616	22119889	1
2L	22119981	22120113	1
2L	22120172	22120350	1
2L	22120489	22133644	1
2L	22133654	22149893	1
2L	22150035	22150113	1
2L	22150270	22150412	1
2L	22150431	22171362	1
2L	22171896	22171969	1
2L	22172036	22172105	1
2L	22172138	22172350	1
2L	22172607	22173829	1
2L	22173847	22179924	1
2L	22180060	22198578	1
2L	22198730	22199145	1
2L	22199722	22201403	1
2L	22206369	22216154	1
2L	22216348	22218538	1
2L	22218593	22218741	1
2L	22218876	22219212	1
2L	22219398	22224743	1
2L	22224747	22224811	1
2L	22224818	22226336	1
2L	22226574	22229456	1
2L	22231377	22231555	1
2L	22232855	22233024	1
2L	22234121	22234929	1
2L	22235377	22235428	1
2L	22235432	22235548	1
2L	22235749	22235939	1
2L	22237342	22237529	1
2L	22237656	22251343	1
2L	22251392	22251564	1
2L	22252079	22258657	1
2L	22260551	22263117	1
2L	22263215	22263394	1
2L	22264043	22264562	1
2L	22264583	22265492	1
2L	22266642	22266723	1
2L	22268033	22268215	1
2L	22268291	22268342	1
2L	22268991	22269475	1
2L	22269501	22269874	1
2L	22270003	22270174	1
2L	22270688	22270872	1
2L	22271870	22272108	1
2L	22272622	22272793	1
2L	22272853	22273174	1
2L	22273919	22274114	1
2L	22274644	22274766	1
2L	22274853	22274921	1
2L	22275137	22275521	1
2L	22275617	22275839	1
2L	22276089	22279117	1
2L	22279702	22280027	1
2L	22280180	22280690	1
2L	22280778	22283437	1
2L	22288357	22288543	1
2L	22288823	22288994	1
2L	22289275	22289439	1
2L	22289916	22300296	1
2L	22301893	22302086	1
2L	22302102	22302242	1
2L	22302492	22302658	1
2L	22303982	22304200	1
2L	22304212	22315666	1
2L	22315776	22315952	1
2L	22316926	22317011	1
2L	22317129	22317370	1
2L	22317471	22317810	1
2L	22317967	22322845	1
2L	22323088	22329276	1
2L	22329449	22329652	1
2L	22329824	22329891	1
2L	22330307	22330498	1
2L	22332004	22332306	1
2L	22332463	22332528	1
2L	22334151	22338409	1
2L	22338414	22338480	1
2L	22338494	22338583	1
2L	22339321	22346691	1
2L	22346718	22346778	1
2L	22346805	22346879	1
2L	22346944	22347319	1
2L	22347366	22347677	1
2L	22347738	22349015	1
2L	22349022	22349681	1
2L	22349749	22359041	1
2L	22359050	22359432	1
2L	22359614	22364806	1
2L	22364954	22371083	1
2L	22371308	22371498	1
2L	22371604	22371887	1
2L	22372195	22372587	1
2L	22373095	22373304	1
2L	22373513	22373712	1
2L	22373717	22373914	1
2L	22373948	22376597	1
2L	22376840	22377019	1
2L	22377243	22377428	1
2L	22377478	22377616	1
2L	22377956	22378186	1
2L	22378727	22378924	1
2L	22379665	22379770	1
2L	22383933	22384115	1
2L	22384873	22384956	1
2L	22386013	22386071	1
2L	22389015	22389142	1
2L	22389439	22389520	1
2L	22389538	22389908	1
2L	22390246	22390327	1
2L	22390353	22392339	1
2L	22392442	22392670	1
2L	22392772	22393878	1
2L	22393947	22394493	1
2L	22394547	22395887	1
2L	22396156	22396350	1
2L	22396824	22396875	1
2L	22398118	22398276	1
2L	22398518	22399099	1
2L	22401081	22401260	1
2L	22402444	22403085	1
2L	22403230	22403498	1
2L	22403678	22405631	1
2L	22406204	22407005	1
2L	22407073	22407672	1
2L	22407714	22407834	1
2L	22408026	22408080	1
2L	22408548	22408911	1
2L	22410558	22410628	1
2L	22411213	22411335	1
2L	22411649	22411757	1
2L	22412433	22412633	1
2L	22414760	22414817	1
2L	22415651	22415810	1
2L	22416563	22416758	1
2L	22417448	22417630	1
2L	22431022	22431162	1
2L	22434798	22434857	1
2L	22441225	22441391	1
2L	22441888	22442047	1
2L	22452037	22452087	1
2L	22452330	22452387	1
2L	22462711	22462897	1
2L	22466124	22466269	1
2L	22467849	22468198	1
2L	22472049	22472143	1
2L	22477825	22477993	1
2L	22478008	22478126	1
2L	22479895	22480161	1
2L	22482115	22482288	1
2L	22484824	22484993	1
2L	22486339	22486515	1
2L	22486799	22486971	1
2L	22489758	22489855	1
2L	22490370	22490535	1
2L	22497458	22497619	1
2L	22499231	22499309	1
2L	22499310	22499376	1
2L	22500637	22500808	1
2L	22501009	22501081	1
2L	22503406	22503577	1
2L	22505143	22505238	1
2L	22505283	22505417	1
2L	22506729	22507132	1
2L	22507134	22507263	1
2L	22507274	22507349	1
2L	22507376	22507427	1
2L	22507538	22508858	1
2L	22508915	22510647	1
2L	22510671	22510765	1
2L	22510995	22511099	1
2L	22511108	22511166	1
2L	22512949	22513057	1
2L	22513582	22513764	1
2L	22514187	22514295	1
2L	22514318	22514368	1
2L	22514575	22514761	1
2L	22514776	22515173	1
2L	22522410	22522754	1
2L	22523089	22523214	1
2L	22523235	22524831	1
2L	22525058	22525241	1
2L	22525274	22525436	1
2L	22525528	22525880	1
2L	22526045	22526246	1
2L	22526599	22526716	1
2L	22526856	22527046	1
2L	22527160	22527223	1
2L	22527512	22527733	1
2L	22527865	22528003	1
2L	22528067	22528380	1
2L	22528667	22528877	1
2L	22528930	22529221	1
2L	22529427	22529509	1
2L	22529754	22530915	1
2L	22531135	22531741	1
2L	22531749	22532229	1
2L	22532262	22547006	1
2L	22547237	22548947	1
2L	22549232	22549332	1
2L	22549952	22552310	1
2L	22552315	22554050	1
2L	22554428	22554622	1
2L	22555397	22555580	1
2L	22557332	22557435	1
2L	22557462	22561408	1
2L	22561942	22561992	1
2L	22562691	22562885	1
2L	22563114	22563295	1
2L	22564361	22564538	1
2L	22565349	22570742	1
2L	22571532	22571709	1
2L	22571822	22572017	1
2L	22572020	22576233	1
2L	22576335	22576499	1
2L	22576677	22581996	1
2L	22583578	22585677	1
2L	22586469	22586645	1
2L	22587454	22587618	1
2L	22587626	22587849	1
2L	22588915	22589135	1
2L	22589394	22589566	1
2L	22590097	22590148	1
2L	22590845	22592949	1
2L	22593869	22594065	1
2L	22595313	22595564	1
2L	22596486	22596727	1
2L	22596775	22596975	1
2L	22598434	22601034	1
2L	22605479	22605644	1
2L	22605971	22606085	1
2L	22614574	22614737	1
2L	22617189	22617585	1
2L	22617615	22617786	1
2L	22618181	22618355	1
2L	22622797	22622968	1
2L	22625377	22625635	1
2L	22625665	22625722	1
2L	22626285	22626719	1
2L	22627196	22627430	1
2L	22627684	22627756	1
2L	22627907	22629817	1
2L	22630770	22635753	1
2L	22635778	22637359	1
2L	22639241	22639292	1
2L	22639901	22647289	1
2L	22656121	22656305	1
2L	22656684	22656858	1
2L	22656948	22657137	1
2L	22657347	22657533	1
2L	22657781	22657988	1
2L	22658741	22658925	1
2L	22659270	22659472	1
2L	22659716	22663618	1
2L	22663703	22663855	1
2L	22663960	22664640	1
2L	22664809	22666066	1
2L	22666109	22666189	1
2L	22669217	22669345	1
2L	22669986	22670181	1
2L	22670368	22671171	1
2L	22671174	22671327	1
2L	22672187	22672366	1
2L	22672539	22676923	1
2L	22679600	22679835	1
2L	22680892	22680947	1
2L	22684364	22686961	1
2L	22686967	22687537	1
2L	22687580	22709307	1
2L	22709430	22709650	1
2L	22710657	22710843	1
2L	22712110	22712516	1
2L	22713066	22721926	1
2L	22721993	22722263	1
2L	22722273	22722621	1
2L	22722675	22726190	1
2L	22726320	22729871	1
2L	22729984	22732586	1
2L	22732611	22733386	1
2L	22733537	22733802	1
2L	22733885	22734277	1
2L	22734536	22735956	1
2L	22736006	22736073	1
2L	22736088	22738513	1
2L	22738875	22739040	1
2L	22741574	22741643	1
2L	22742206	22742382	1
2L	22742591	22742781	1
2L	22742857	22742952	1
2L	22742958	22745372	1
2L	22745618	22749813	1
2L	22749872	22749965	1
2L	22749978	22762100	1
2L	22762125	22765132	1
2L	22773537	22776447	1
2L	22778030	22781871	1
2L	22782738	22782848	1
2L	22860683	22860739	1
2L	22907588	22907768	1
2L	22909593	22909778	1
2L	22910154	22910389	1
2L	22911128	22911349	1
2L	22911498	22911923	1
2L	22913128	22913306	1
2L	22913456	22913511	1
2L	22913953	22914278	1
2L	22914968	22915109	1
2L	22915161	22915267	1
2L	22916491	22916622	1
2L	22917803	22917992	1
2L	22918531	22918762	1
2L	22919078	22919247	1
2L	22919743	22920660	1
2L	22920839	22921321	1
2L	22921950	22922076	1
2L	22922559	22931190	1
2L	22931764	22931946	1
2L	22932264	22932605	1
2L	22935233	22935423	1
2L	22935436	22935591	1
2L	22935643	22935812	1
2L	22938347	22942974	1
2L	22943203	22943336	1
2L	22943425	22943598	1
2L	22943816	22943979	1
2L	22948859	22949036	1
2L	22949131	22949325	1
2L	22950924	22951873	1
2L	22951918	22952217	1
2L	22952794	22952988	1
2L	22953309	22953732	1
2L	22956361	22956541	1
2L	22956546	22956701	1
2L	22956750	22956935	1
2L	22959466	22960372	1
2L	22960490	22960727	1
2L	22960848	22960938	1
2L	22962115	22962483	1
2L	22963524	22963849	1
2L	22964396	22964813	1
2L	22965247	22965365	1
2L	22965868	22965965	1
2L	22966203	22966276	1
2L	22966280	22967011	1
2L	22967082	22967155	1
2L	22967938	22969052	1
2L	22969149	22970729	1
2L	22970741	22978461	1
2L	22978894	22978957	1
2L	22979250	22979366	1
2L	22979604	22988292	1
2L	22988377	22990105	1
2L	22991704	22991902	1
2L	22992002	22994622	1
2L	22994798	22998845	1
2L	22998858	23009459	1
2L	23009466	23018588	1
2L	23018967	23027676	1
2L	23027721	23037764	1
2L	23037873	23038379	1
2L	23038433	23039101	1
2L	23039229	23039498	1
2L	23039517	23039937	1
2L	23040117	23040325	1
2L	23040328	23042344	1
2L	23043216	23043407	1
2L	23043459	23043631	1
2L	23046159	23046363	1
2L	23046473	23047566	1
2L	23047569	23048027	1
2L	23048164	23049116	1
2L	23049517	23053600	1
2L	23053654	23054031	1
2L	23054563	23054762	1
2L	23055010	23055215	1
2L	23056316	23056652	1
2L	23056859	23057028	1
2L	23057137	23057311	1
2L	23057712	23057883	1
2L	23060365	23060539	1
2L	23063165	23063333	1
2L	23064003	23064084	1
2L	23064239	23079435	1
2L	23079441	23085547	1
2L	23085623	23085836	1
2L	23085899	23086143	1
2L	23086321	23087003	1
2L	23087160	23087616	1
2L	23087633	23087741	1
2L	23087745	23088373	1
2L	23088378	23088439	1
2L	23088449	23088697	1
2L	23089245	23089783	1
2L	23089876	23090338	1
2L	23090477	23090791	1
2L	23090843	23090943	1
2L	23090978	23091043	1
2L	23091064	23091187	1
2L	23091198	23091411	1
2L	23091439	23091508	1
2L	23091509	23092535	1
2L	23092773	23093575	1
2L	23093609	23094098	1
2L	23099198	23099270	1
2L	23101906	23101962	1
2L	23104798	23104851	1
2L	23105165	23105329	1
2L	23108778	23108911	1
2L	23110308	23110472	1
2L	23111697	23111758	1
2L	23111956	23112033	1
2L	23118902	23118992	1
2L	23119165	23119246	1
2L	23120067	23120166	1
2L	23127118	23127445	1
2L	23127618	23127805	1
2L	23128670	23128992	1
2L	23129083	23129276	1
2L	23129846	23129969	1
2L	23129987	23130202	1
2L	23130238	23130438	1
2L	23131367	23131550	1
2L	23131767	23132153	1
2L	23133033	23133213	1
2L	23133613	23133784	1
2L	23134429	23134481	1
2L	23134883	23135070	1
2L	23135786	23135975	1
2L	23136066	23136431	1
2L	23136446	23136638	1
2L	23136946	23137147	1
2L	23152503	23152726	1
2L	23153728	23153926	1
2L	23154289	23154486	1
2L	23155621	23155837	1
2L	23157613	23157782	1
2L	23160459	23160643	1
2L	23160951	23161087	1
2L	23161313	23162204	1
2L	23162251	23164745	1
2L	23164797	23165511	1
2L	23165625	23165819	1
2L	23166016	23170898	1
2L	23171830	23177821	1
2L	23177846	23177940	1
2L	23178008	23178176	1
2L	23178177	23179184	1
2L	23179377	23181938	1
2L	23182707	23182770	1
2L	23184817	23185002	1
2L	23186310	23186537	1
2L	23188385	23189434	1
2L	23189774	23189947	1
2L	23190197	23190362	1
2L	23191157	23192187	1
2L	23192453	23192640	1
2L	23192895	23193097	1
2L	23193525	23193698	1
2L	23196221	23196275	1
2L	23196586	23196758	1
2L	23197092	23197158	1
2L	23197187	23197951	1
2L	23201166	23201337	1
2L	23213770	23213833	1
2L	23214108	23214297	1
2L	23214543	23214960	1
2L	23214961	23215275	1
2L	23215298	23215415	1
2L	23215449	23215647	1
2L	23215763	23215922	1
2L	23216449	23216623	1
2L	23216989	23217507	1
2L	23217527	23217795	1
2L	23222296	23222478	1
2L	23222982	23223037	1
2L	23223225	23223406	1
2L	23223428	23223737	1
2L	23223843	23224031	1
2L	23225007	23225191	1
2L	23225799	23225967	1
2L	23228870	23229045	1
2L	23229631	23229807	1
2L	23230492	23230682	1
2L	23230695	23231342	1
2L	23231388	23231965	1
2L	23232050	23232357	1
2L	23233113	23234045	1
2L	23235583	23235645	1
2L	23236640	23236745	1
2L	23239278	23242195	1
2L	23242279	23242628	1
2L	23244141	23244296	1
2L	23244608	23244778	1
2L	23272943	23273104	1
2L	23280849	23281025	1
2L	23285147	23285653	1
2L	23285691	23285766	1
2L	23285798	23286110	1
2L	23286146	23286232	1
2L	23286361	23286687	1
2L	23286772	23286956	1
2L	23287045	23287130	1
2L	23287954	23288145	1
2L	23288229	23288454	1
2L	23288531	23288585	1
2L	23288800	23288948	1
2L	23293536	23293874	1
2L	23295304	23300484	1
2L	23300717	23301354	1
2L	23301424	23301556	1
2L	23301560	23302114	1
2L	23302133	23302594	1
2L	23303204	23303351	1
2L	23306449	23306614	1
2L	23307206	23307394	1
2L	23308463	23308649	1
2L	23309017	23309385	1
2L	23309396	23316141	1
2L	23317111	23318814	1
2L	23319163	23319348	1
2L	23319493	23319727	1
2L	23319791	23320716	1
2L	23321162	23321333	1
2L	23321829	23322015	1
2L	23322082	23322393	1
2L	23322516	23322686	1
2L	23324821	23325911	1
2L	23326009	23326301	1
2L	23326401	23326759	1
2L	23326829	23327065	1
2L	23327069	23327427	1
2L	23327510	23327723	1
2L	23327728	23327846	1
2L	23327883	23327944	1
2L	23328085	23328290	1
2L	23328602	23328842	1
2L	23328894	23329020	1
2L	23329034	23329457	1
2L	23329564	23329944	1
2L	23330194	23330307	1
2L	23330398	23330846	1
2L	23330855	23331178	1
2L	23331270	23331472	1
2L	23331576	23332735	1
2L	23332788	23333709	1
2L	23333823	23334070	1
2L	23334274	23335578	1
2L	23336139	23336673	1
2L	23336725	23337980	1
2L	23338317	23341945	1
2L	23341955	23342015	1
2L	23342233	23342422	1
2L	23342662	23342844	1
2L	23343608	23343706	1
2L	23344205	23344395	1
2L	23346062	23346237	1
2L	23347073	23347256	1
2L	23347341	23348025	1
2L	23348213	23349260	1
2L	23349383	23351645	1
2L	23351752	23353237	1
2L	23356890	23356942	1
2L	23356946	23357087	1
2L	23357770	23358585	1
2L	23358688	23359127	1
2L	23359950	23360009	1
2L	23368051	23370306	1
2L	23370867	23371855	1
2L	23371907	23372499	1
2L	23372524	23373135	1
2L	23373156	23373961	1
2L	23374056	23374249	1
2L	23374364	23374561	1
2L	23375249	23375411	1
2L	23381110	23381210	1
2L	23381602	23382107	1
2L	23382159	23382278	1
2L	23382280	23382519	1
2L	23387729	23388496	1
2L	23388585	23388895	1
2L	23388901	23389456	1
2L	23389520	23390021	1
2L	23390064	23391840	1
2L	23392473	23392647	1
2L	23392798	23393197	1
2L	23393268	23393628	1
2L	23393785	23394538	1
2L	23394635	23395748	1
2L	23395773	23395952	1
2L	23396585	23396851	1
2L	23396858	23397047	1
2L	23397816	23397996	1
2L	23400114	23400717	1
2L	23400741	23403678	1
2L	23403900	23404101	1
2L	23404406	23404601	1
2L	23405071	23405344	1
2L	23405512	23405707	1
2L	23414641	23415092	1
2L	23417090	23417269	1
2L	23417271	23421584	1
2L	23421588	23421797	1
2L	23422043	23423441	1
2L	23423562	23423621	1
2L	23423644	23424604	1
2L	23424869	23425075	1
2L	23425679	23425752	1
2L	23425771	23425846	1
2L	23425934	23426235	1
2L	23426403	23426613	1
2L	23426711	23426989	1
2L	23427027	23427225	1
2L	23427309	23427417	1
2L	23428473	23429323	1
2L	23429405	23429737	1
2L	23429805	23430424	1
2L	23430489	23430541	1
2L	23430560	23431248	1
2L	23431265	23432811	1
2L	23432834	23432890	1
2L	23432989	23433291	1
2L	23433339	23433404	1
2L	23433419	23433873	1
2L	23434176	23434350	1
2L	23435800	23436001	1
2L	23436023	23436246	1
2L	23436274	23436460	1
2L	23436750	23436868	1
2L	23437770	23438135	1
2L	23438222	23438393	1
2L	23438491	23438729	1
2L	23440821	23441013	1
2L	23442241	23442424	1
2L	23442536	23443096	1
2L	23443229	23443294	1
2L	23443954	23444234	1
2L	23446461	23446649	1
2L	23447064	23447233	1
2L	23447409	23447489	1
2L	23448096	23448280	1
2L	23448434	23448615	1
2L	23449062	23449296	1
2L	23449363	23449989	1
2L	23450122	23450307	1
2L	23450697	23450868	1
2L	23451785	23451966	1
2L	23452786	23452974	1
2L	23455577	23455766	1
2L	23456374	23456566	1
2L	23458509	23458706	1
2L	23462494	23462677	1
2L	23463207	23463453	1
2L	23463543	23463721	1
2L	23464788	23464993	1
2L	23465257	23465336	1
2L	23466199	23466483	1
2L	23466598	23466761	1
2L	23466780	23466975	1
2L	23467573	23467752	1
2L	23468492	23468692	1
2L	23470699	23470811	1
2L	23472231	23472488	1
2L	23473103	23473158	1
2L	23473193	23473478	1
2L	23473540	23473607	1
2L	23473768	23474126	1
2L	23474992	23475165	1
2L	23475370	23475687	1
2L	23481994	23482558	1
2L	23483228	23483454	1
2L	23483715	23483966	1
2L	23486425	23486476	1
2L	23486888	23487017	1
2L	23487121	23487403	1
2L	23487806	23488145	1
2L	23488174	23488458	1
2L	23488729	23489002	1
2L	23489512	23489673	1
2L	23489879	23490288	1
2L	23490298	23490513	1
2L	23490528	23490812	1
2L	23490968	23491339	1
2L	23491436	23491633	1
2L	23491658	23491849	1
2L	23491854	23492258	1
2L	23492296	23492708	1
2L	23492841	23492896	1
2L	23492935	23493538	1
2L	23493550	23493949	1
2L	23494077	23494258	1
2L	23494608	23494786	1
2L	23495558	23495627	1
2L	23496215	23496398	1
2L	23497027	23497300	1
2L	23497881	23497957	1
2L	23498202	23498252	1
2L	23499094	23499237	1
2L	23499554	23499605	1
2L	23500069	23500167	1
2L	23502964	23503157	1
2L	23503417	23503599	1
2L	23503804	23504126	1
2L	23504255	23504463	1
2L	23504719	23504805	1
2L	23504847	23505421	1
2L	23505443	23505643	1
2L	23505823	23506347	1
2L	23506720	23506891	1
2L	23507722	23507892	1
2L	23510872	23511052	1
2L	23511473	23512838	1
