2R	3546	3609	1
2R	7705	7784	1
2R	7976	8085	1
2R	11042	11119	1
2R	11239	11330	1
2R	15677	15825	1
2R	15931	16093	1
2R	16877	17115	1
2R	17251	17434	1
2R	17568	17721	1
2R	17728	17911	1
2R	19114	19265	1
2R	20880	21003	1
2R	22916	23058	1
2R	25201	25424	1
2R	26676	26748	1
2R	27904	27957	1
2R	28422	28600	1
2R	31413	31590	1
2R	32962	33214	1
2R	34065	34229	1
2R	36311	36497	1
2R	36751	36808	1
2R	37749	37825	1
2R	38962	39291	1
2R	39634	39710	1
2R	40004	40205	1
2R	40630	40744	1
2R	41174	41244	1
2R	42860	43056	1
2R	44215	44392	1
2R	44620	44837	1
2R	44848	44902	1
2R	45294	45470	1
2R	48667	48840	1
2R	51448	51630	1
2R	52154	52240	1
2R	52334	52444	1
2R	54113	54296	1
2R	60186	60288	1
2R	61575	61756	1
2R	67278	67450	1
2R	67577	67745	1
2R	68032	68216	1
2R	68296	68453	1
2R	68685	70506	1
2R	70513	72976	1
2R	73265	73445	1
2R	73524	73707	1
2R	73888	74303	1
2R	74495	74555	1
2R	74601	74924	1
2R	74934	75028	1
2R	75324	80194	1
2R	80203	80791	1
2R	80795	81710	1
2R	81733	82227	1
2R	82321	82422	1
2R	82787	82885	1
2R	83634	83774	1
2R	83783	83851	1
2R	84176	84259	1
2R	84380	84442	1
2R	84610	84825	1
2R	85174	85448	1
2R	85826	86173	1
2R	91254	91338	1
2R	92732	92927	1
2R	93810	93905	1
2R	94081	94167	1
2R	94344	94459	1
2R	94575	94941	1
2R	95777	96289	1
2R	96291	97153	1
2R	97205	98182	1
2R	98238	98963	1
2R	99096	101535	1
2R	101954	102260	1
2R	104096	104286	1
2R	111901	112126	1
2R	112348	112525	1
2R	112730	112938	1
2R	114704	114922	1
2R	120074	120270	1
2R	120280	120373	1
2R	122626	122819	1
2R	124162	124347	1
2R	124528	124607	1
2R	124615	124787	1
2R	125011	125089	1
2R	125100	125210	1
2R	125242	125296	1
2R	125324	125448	1
2R	125596	125652	1
2R	128378	128567	1
2R	134140	134327	1
2R	135249	135432	1
2R	135713	135893	1
2R	136176	136363	1
2R	136404	136594	1
2R	136757	136939	1
2R	137277	137363	1
2R	137772	137962	1
2R	138586	138938	1
2R	139307	139483	1
2R	139730	140104	1
2R	140364	140670	1
2R	141809	141983	1
2R	142353	142549	1
2R	142650	142756	1
2R	143632	143819	1
2R	144421	144754	1
2R	144900	144953	1
2R	145281	145336	1
2R	145365	145430	1
2R	145467	145772	1
2R	147055	147112	1
2R	153836	154007	1
2R	158498	158623	1
2R	158627	158861	1
2R	158904	158984	1
2R	159008	159362	1
2R	159592	159678	1
2R	160842	160939	1
2R	160962	161034	1
2R	162254	162322	1
2R	162324	162576	1
2R	162643	163073	1
2R	163235	163994	1
2R	164273	164386	1
2R	164468	164733	1
2R	164743	164826	1
2R	164827	164905	1
2R	165194	167213	1
2R	170042	170115	1
2R	176828	176996	1
2R	178796	178990	1
2R	193667	193864	1
2R	195616	195801	1
2R	196248	196356	1
2R	204604	204948	1
2R	209988	210080	1
2R	211490	211681	1
2R	233644	233826	1
2R	235069	235236	1
2R	236968	237140	1
2R	245535	245712	1
2R	253302	253511	1
2R	259531	259724	1
2R	286942	287086	1
2R	289139	289239	1
2R	318601	318874	1
2R	320167	320426	1
2R	320448	320528	1
2R	320856	321085	1
2R	321118	321683	1
2R	321895	329545	1
2R	329551	336244	1
2R	343476	343683	1
2R	344181	344450	1
2R	346564	346787	1
2R	349724	349893	1
2R	355963	356125	1
2R	366166	366351	1
2R	369588	369757	1
2R	375707	375888	1
2R	376275	376380	1
2R	377504	377702	1
2R	377705	377784	1
2R	379296	379464	1
2R	382020	382193	1
2R	383703	383926	1
2R	386483	388598	1
2R	388768	388867	1
2R	389166	390007	1
2R	390010	391166	1
2R	391205	392144	1
2R	392165	392598	1
2R	392643	395287	1
2R	396566	396635	1
2R	397636	398032	1
2R	399249	400544	1
2R	400917	403044	1
2R	403046	403189	1
2R	403194	406175	1
2R	426022	426181	1
2R	426234	426405	1
2R	430959	431265	1
2R	431273	432498	1
2R	432606	432773	1
2R	433084	433254	1
2R	434742	435015	1
2R	440234	440434	1
2R	441048	442055	1
2R	442196	442462	1
2R	448812	448978	1
2R	451951	452159	1
2R	455321	455493	1
2R	455848	456029	1
2R	456377	456469	1
2R	456703	457025	1
2R	457116	457360	1
2R	457500	458173	1
2R	458484	458990	1
2R	459251	460554	1
2R	460639	461069	1
2R	461145	461469	1
2R	461897	463356	1
2R	463614	466929	1
2R	466957	470011	1
2R	473006	474024	1
2R	474038	474240	1
2R	474449	477262	1
2R	481727	481893	1
2R	482102	482279	1
2R	487361	487680	1
2R	487758	488444	1
2R	488522	493087	1
2R	493188	493467	1
2R	493551	493752	1
2R	493823	504203	1
2R	505020	505130	1
2R	505148	505219	1
2R	508202	510244	1
2R	511967	512157	1
2R	512305	512596	1
2R	512634	512813	1
2R	513354	513604	1
2R	518138	518325	1
2R	519238	519301	1
2R	520232	520456	1
2R	520782	520943	1
2R	522039	522308	1
2R	522309	522418	1
2R	522655	522841	1
2R	522911	523246	1
2R	523755	525322	1
2R	525329	526108	1
2R	526154	526565	1
2R	526587	527079	1
2R	527108	529364	1
2R	537019	537168	1
2R	537759	538557	1
2R	538670	538725	1
2R	541713	541880	1
2R	542352	542407	1
2R	542675	543290	1
2R	543356	545422	1
2R	545430	545735	1
2R	545792	546299	1
2R	546568	552804	1
2R	553788	560903	1
2R	560935	561916	1
2R	562026	565071	1
2R	565473	565583	1
2R	569588	569776	1
2R	573770	574441	1
2R	574446	580393	1
2R	584011	584172	1
2R	584530	584707	1
2R	585349	585416	1
2R	586645	587060	1
2R	588477	588595	1
2R	588846	588970	1
2R	589139	589434	1
2R	589871	589965	1
2R	590573	591246	1
2R	591296	595165	1
2R	595458	595676	1
2R	595696	595785	1
2R	596124	597299	1
2R	597343	598564	1
2R	598861	601843	1
2R	603150	605199	1
2R	606139	606225	1
2R	606571	606649	1
2R	606945	606995	1
2R	607000	607059	1
2R	608825	608904	1
2R	608905	608980	1
2R	609728	609903	1
2R	610676	610729	1
2R	610741	610934	1
2R	610983	611277	1
2R	611278	611336	1
2R	611415	611798	1
2R	611852	612386	1
2R	612446	612647	1
2R	612698	612930	1
2R	612943	613243	1
2R	613249	613458	1
2R	613749	614129	1
2R	614507	615039	1
2R	615197	615448	1
2R	615458	615556	1
2R	615564	615928	1
2R	615938	616381	1
2R	616467	616627	1
2R	616745	616959	1
2R	617008	617544	1
2R	617555	617606	1
2R	617641	617825	1
2R	617846	618550	1
2R	619684	619859	1
2R	620108	622392	1
2R	623142	626038	1
2R	627473	631933	1
2R	633369	634583	1
2R	634785	634972	1
2R	635084	635349	1
2R	635491	637159	1
2R	637168	637700	1
2R	637736	640902	1
2R	640918	645493	1
2R	645495	645592	1
2R	648615	648722	1
2R	649147	649913	1
2R	649916	649982	1
2R	649983	650189	1
2R	650442	653195	1
2R	653362	653564	1
2R	654012	654273	1
2R	654314	654400	1
2R	654692	654933	1
2R	655057	655422	1
2R	655603	655813	1
2R	655981	656242	1
2R	656354	656557	1
2R	656714	656950	1
2R	657108	657408	1
2R	657443	659214	1
2R	659332	660188	1
2R	660289	662469	1
2R	665703	665883	1
2R	668506	668589	1
2R	669516	672278	1
2R	672377	677759	1
2R	677807	677996	1
2R	680503	680674	1
2R	684585	684656	1
2R	690639	691389	1
2R	692115	692168	1
2R	692525	694424	1
2R	694837	695189	1
2R	695631	695993	1
2R	697175	697361	1
2R	698153	698551	1
2R	698650	699139	1
2R	703679	703864	1
2R	705148	706728	1
2R	707142	707540	1
2R	707596	707646	1
2R	707668	707775	1
2R	707802	707892	1
2R	708241	708422	1
2R	708973	709146	1
2R	710030	710231	1
2R	710768	711059	1
2R	711077	711437	1
2R	712950	713010	1
2R	713602	713701	1
2R	714561	714667	1
2R	716106	716282	1
2R	716687	716866	1
2R	716941	717035	1
2R	717471	717656	1
2R	718403	718590	1
2R	719370	719537	1
2R	719701	719893	1
2R	720092	720258	1
2R	720558	720746	1
2R	720752	721087	1
2R	721335	721444	1
2R	724353	724410	1
2R	724593	724773	1
2R	725108	725215	1
2R	727106	727192	1
2R	727231	727620	1
2R	728520	729156	1
2R	729202	729596	1
2R	729644	729711	1
2R	729713	730304	1
2R	730408	730814	1
2R	730848	731044	1
2R	731266	731717	1
2R	731725	732114	1
2R	732143	733303	1
2R	733379	733429	1
2R	733442	733721	1
2R	734036	734460	1
2R	734580	735022	1
2R	735143	736899	1
2R	736908	737732	1
2R	739114	739292	1
2R	740752	740946	1
2R	741465	742155	1
2R	742729	742939	1
2R	742954	743396	1
2R	744778	744936	1
2R	746400	746575	1
2R	747096	747281	1
2R	870043	870486	1
2R	879029	879102	1
2R	879733	880642	1
2R	880772	884549	1
2R	884554	884682	1
2R	884787	885634	1
2R	886405	886588	1
2R	886666	886724	1
2R	886759	886967	1
2R	886978	887173	1
2R	887766	887991	1
2R	888614	888807	1
2R	890214	890392	1
2R	890546	890612	1
2R	890734	891598	1
2R	891667	891777	1
2R	891815	891914	1
2R	891962	892546	1
2R	892586	892672	1
2R	893617	893714	1
2R	895234	895402	1
2R	895800	895975	1
2R	896547	896758	1
2R	898423	898523	1
2R	898978	903967	1
2R	910225	911067	1
2R	911075	911632	1
2R	911723	911804	1
2R	911821	913181	1
2R	913231	918114	1
2R	918379	918668	1
2R	918855	919295	1
2R	919384	919657	1
2R	919658	919860	1
2R	920063	920123	1
2R	920307	920655	1
2R	920931	921115	1
2R	921171	921235	1
2R	921307	921539	1
2R	922338	922592	1
2R	922748	922951	1
2R	922952	923417	1
2R	923483	923924	1
2R	924246	934003	1
2R	937317	937497	1
2R	940810	941462	1
2R	941544	941815	1
2R	941953	942071	1
2R	943313	953020	1
2R	953097	953281	1
2R	953408	954761	1
2R	954982	955176	1
2R	955244	955420	1
2R	957473	957643	1
2R	958363	958438	1
2R	959730	962876	1
2R	962999	963708	1
2R	963761	963964	1
2R	964120	964570	1
2R	965276	965589	1
2R	965602	965872	1
2R	965904	967082	1
2R	967104	967163	1
2R	967215	967471	1
2R	967742	967798	1
2R	967989	968195	1
2R	968196	968957	1
2R	968996	969547	1
2R	969611	969697	1
2R	969821	970003	1
2R	970071	970548	1
2R	970556	970768	1
2R	971669	971855	1
2R	972167	972231	1
2R	972256	972525	1
2R	973135	973462	1
2R	973535	973870	1
2R	973926	975024	1
2R	975045	975563	1
2R	975639	978535	1
2R	978859	981149	1
2R	981159	982676	1
2R	985013	985088	1
2R	987245	987551	1
2R	989689	989877	1
2R	990127	990397	1
2R	990517	991070	1
2R	991677	991907	1
2R	991909	991969	1
2R	991984	993581	1
2R	993729	994733	1
2R	994868	999151	1
2R	999173	1000479	1
2R	1003091	1003366	1
2R	1003416	1003605	1
2R	1005096	1005271	1
2R	1005279	1005360	1
2R	1005386	1010770	1
2R	1010787	1011030	1
2R	1011145	1013555	1
2R	1013561	1014014	1
2R	1014044	1014244	1
2R	1014437	1015398	1
2R	1015441	1015663	1
2R	1015667	1016228	1
2R	1016280	1016732	1
2R	1016733	1017032	1
2R	1017182	1017265	1
2R	1017274	1017348	1
2R	1017403	1017683	1
2R	1017723	1018021	1
2R	1018263	1018456	1
2R	1018723	1018925	1
2R	1019220	1019274	1
2R	1019415	1020045	1
2R	1020552	1020993	1
2R	1021256	1024183	1
2R	1024331	1024533	1
2R	1024689	1025535	1
2R	1025796	1025886	1
2R	1025887	1026255	1
2R	1026290	1029019	1
2R	1031121	1031304	1
2R	1031515	1031716	1
2R	1031964	1032150	1
2R	1033101	1033166	1
2R	1033202	1033254	1
2R	1033709	1033879	1
2R	1033975	1034146	1
2R	1034896	1035233	1
2R	1035566	1035688	1
2R	1036473	1036685	1
2R	1036711	1037086	1
2R	1039184	1039241	1
2R	1039703	1040197	1
2R	1041972	1042195	1
2R	1042439	1042614	1
2R	1043513	1043717	1
2R	1044171	1044363	1
2R	1044478	1044547	1
2R	1045390	1045777	1
2R	1046072	1046191	1
2R	1046978	1047323	1
2R	1047414	1047590	1
2R	1048941	1049199	1
2R	1049630	1049825	1
2R	1050034	1050090	1
2R	1050556	1050624	1
2R	1056541	1056706	1
2R	1063155	1063208	1
2R	1065743	1065936	1
2R	1066292	1066362	1
2R	1066849	1067035	1
2R	1067567	1075212	1
2R	1075827	1076049	1
2R	1076086	1076231	1
2R	1076250	1076977	1
2R	1077115	1077362	1
2R	1077485	1077677	1
2R	1077774	1078174	1
2R	1078711	1078838	1
2R	1079117	1082409	1
2R	1086971	1088998	1
2R	1089010	1094703	1
2R	1094841	1095007	1
2R	1095615	1097611	1
2R	1098006	1098107	1
2R	1098823	1098967	1
2R	1099176	1099272	1
2R	1099282	1099480	1
2R	1099587	1099767	1
2R	1100107	1100197	1
2R	1100532	1100703	1
2R	1101418	1102543	1
2R	1104017	1104149	1
2R	1104301	1104489	1
2R	1104524	1105498	1
2R	1105554	1106178	1
2R	1106926	1107444	1
2R	1107683	1107873	1
2R	1108027	1108372	1
2R	1108868	1108947	1
2R	1109403	1109613	1
2R	1109663	1109752	1
2R	1109770	1111701	1
2R	1111884	1112797	1
2R	1112861	1113124	1
2R	1113206	1113266	1
2R	1113644	1113815	1
2R	1113938	1114207	1
2R	1114429	1114670	1
2R	1114686	1115152	1
2R	1116204	1116376	1
2R	1116424	1116536	1
2R	1116544	1116608	1
2R	1117228	1117281	1
2R	1117364	1117560	1
2R	1117760	1118012	1
2R	1119022	1119314	1
2R	1136879	1137134	1
2R	1140681	1140821	1
2R	1144380	1144554	1
2R	1148747	1148915	1
2R	1149249	1149307	1
2R	1149823	1150007	1
2R	1150033	1150210	1
2R	1150505	1150693	1
2R	1150936	1151015	1
2R	1151085	1151137	1
2R	1151162	1151309	1
2R	1151347	1151537	1
2R	1152669	1152719	1
2R	1152805	1153056	1
2R	1154526	1154641	1
2R	1155128	1155283	1
2R	1159746	1159922	1
2R	1159950	1160016	1
2R	1160306	1160403	1
2R	1160529	1160723	1
2R	1160829	1161006	1
2R	1162118	1162363	1
2R	1162412	1162463	1
2R	1162481	1162567	1
2R	1162575	1162749	1
2R	1177284	1177948	1
2R	1178267	1178488	1
2R	1178531	1178898	1
2R	1179404	1179720	1
2R	1179770	1180180	1
2R	1180190	1180282	1
2R	1180445	1180635	1
2R	1181061	1181229	1
2R	1181747	1182129	1
2R	1184258	1184635	1
2R	1184984	1185181	1
2R	1185204	1185283	1
2R	1185612	1185794	1
2R	1186215	1186390	1
2R	1187462	1187648	1
2R	1191218	1191413	1
2R	1191760	1192705	1
2R	1192797	1193159	1
2R	1194367	1194722	1
2R	1195715	1195811	1
2R	1197411	1197580	1
2R	1201842	1202026	1
2R	1210987	1211270	1
2R	1211401	1211571	1
2R	1212568	1212754	1
2R	1217237	1217540	1
2R	1218505	1218875	1
2R	1218891	1219068	1
2R	1220126	1220307	1
2R	1220549	1220722	1
2R	1220890	1221020	1
2R	1222866	1223054	1
2R	1223296	1223468	1
2R	1224242	1224435	1
2R	1224444	1224622	1
2R	1224707	1224948	1
2R	1225164	1225347	1
2R	1227461	1227570	1
2R	1227970	1228142	1
2R	1228242	1228410	1
2R	1228697	1228762	1
2R	1228817	1228880	1
2R	1229070	1229237	1
2R	1231392	1231580	1
2R	1232597	1233656	1
2R	1233685	1233915	1
2R	1233934	1234015	1
2R	1234044	1234281	1
2R	1234319	1234703	1
2R	1234842	1235019	1
2R	1242249	1243535	1
2R	1244010	1244205	1
2R	1245029	1248313	1
2R	1248663	1248820	1
2R	1249110	1249293	1
2R	1252610	1252809	1
2R	1253848	1254025	1
2R	1254447	1254707	1
2R	1256029	1256216	1
2R	1258975	1259094	1
2R	1259645	1259830	1
2R	1259988	1260126	1
2R	1260171	1260357	1
2R	1260589	1260764	1
2R	1261209	1261400	1
2R	1261436	1261791	1
2R	1262141	1262319	1
2R	1262607	1262783	1
2R	1263247	1263748	1
2R	1263770	1266569	1
2R	1267466	1267556	1
2R	1268259	1269776	1
2R	1269778	1270371	1
2R	1270428	1270643	1
2R	1270655	1270977	1
2R	1271234	1271834	1
2R	1271842	1272345	1
2R	1272494	1272552	1
2R	1272570	1272624	1
2R	1272854	1273062	1
2R	1273428	1273849	1
2R	1273873	1274096	1
2R	1274402	1274771	1
2R	1274871	1275082	1
2R	1275525	1275651	1
2R	1275656	1276244	1
2R	1276383	1278977	1
2R	1281669	1282399	1
2R	1282406	1282670	1
2R	1282906	1283944	1
2R	1283986	1284495	1
2R	1295338	1295703	1
2R	1310708	1311389	1
2R	1311428	1311552	1
2R	1313175	1319584	1
2R	1319791	1319922	1
2R	1319952	1320775	1
2R	1322488	1322571	1
2R	1322587	1322912	1
2R	1323079	1323150	1
2R	1323191	1323252	1
2R	1323334	1323548	1
2R	1323787	1324097	1
2R	1324725	1324932	1
2R	1324999	1325185	1
2R	1325804	1326016	1
2R	1327061	1327154	1
2R	1327170	1327328	1
2R	1328807	1331127	1
2R	1332746	1332916	1
2R	1333127	1334829	1
2R	1335384	1335585	1
2R	1335644	1335946	1
2R	1336100	1336400	1
2R	1337236	1339398	1
2R	1339402	1349104	1
2R	1349698	1349866	1
2R	1350471	1350535	1
2R	1352142	1354742	1
2R	1354882	1358574	1
2R	1358722	1359249	1
2R	1359310	1359512	1
2R	1359643	1359695	1
2R	1359716	1359907	1
2R	1359948	1360277	1
2R	1360395	1360972	1
2R	1361063	1361344	1
2R	1361508	1361559	1
2R	1361848	1361915	1
2R	1361916	1362047	1
2R	1362138	1362217	1
2R	1362228	1373613	1
2R	1373812	1374241	1
2R	1374505	1375554	1
2R	1375628	1375791	1
2R	1375918	1376264	1
2R	1376713	1376783	1
2R	1376836	1376908	1
2R	1377117	1377332	1
2R	1377372	1377470	1
2R	1377747	1377987	1
2R	1378058	1378959	1
2R	1378999	1379058	1
2R	1379079	1379293	1
2R	1379763	1379987	1
2R	1380984	1381173	1
2R	1383537	1383709	1
2R	1385540	1385855	1
2R	1387027	1387211	1
2R	1390418	1390593	1
2R	1390632	1390815	1
2R	1391708	1391891	1
2R	1392973	1393789	1
2R	1393924	1396622	1
2R	1397183	1400516	1
2R	1400519	1400799	1
2R	1400916	1401319	1
2R	1401460	1402014	1
2R	1402112	1402167	1
2R	1402247	1402653	1
2R	1402657	1402711	1
2R	1402730	1402950	1
2R	1402951	1406122	1
2R	1406389	1406486	1
2R	1406487	1406587	1
2R	1406811	1407067	1
2R	1407159	1407344	1
2R	1407622	1407812	1
2R	1407839	1408155	1
2R	1408239	1408529	1
2R	1408539	1408744	1
2R	1409303	1409448	1
2R	1409492	1409671	1
2R	1410631	1413474	1
2R	1413563	1413926	1
2R	1417153	1419245	1
2R	1419323	1419380	1
2R	1419680	1419903	1
2R	1419927	1420022	1
2R	1420095	1420168	1
2R	1420190	1420392	1
2R	1420445	1420505	1
2R	1420912	1421354	1
2R	1421545	1423525	1
2R	1424464	1426570	1
2R	1426712	1432527	1
2R	1434078	1434261	1
2R	1435094	1435257	1
2R	1437065	1444810	1
2R	1446288	1446582	1
2R	1447621	1448163	1
2R	1448773	1449007	1
2R	1449074	1449277	1
2R	1449955	1450226	1
2R	1450462	1450860	1
2R	1450873	1452119	1
2R	1452228	1452400	1
2R	1452910	1452973	1
2R	1456370	1456692	1
2R	1457651	1457812	1
2R	1459290	1463593	1
2R	1463608	1464701	1
2R	1465149	1465358	1
2R	1465770	1465903	1
2R	1467641	1467815	1
2R	1468120	1468288	1
2R	1469796	1469975	1
2R	1471367	1471556	1
2R	1472068	1472201	1
2R	1477389	1479037	1
2R	1479081	1479250	1
2R	1481299	1481480	1
2R	1482333	1482522	1
2R	1484606	1484823	1
2R	1484952	1485027	1
2R	1485294	1485869	1
2R	1486345	1486544	1
2R	1486692	1488866	1
2R	1488877	1489226	1
2R	1490272	1490452	1
2R	1490684	1490862	1
2R	1491226	1491417	1
2R	1491806	1492077	1
2R	1498261	1498652	1
2R	1499748	1499807	1
2R	1500621	1500875	1
2R	1505977	1506269	1
2R	1508140	1508214	1
2R	1508418	1509964	1
2R	1510161	1510253	1
2R	1510473	1510538	1
2R	1510904	1511726	1
2R	1512665	1516644	1
2R	1517143	1517326	1
2R	1521148	1523494	1
2R	1525732	1527456	1
2R	1529698	1531249	1
2R	1531282	1531751	1
2R	1532548	1532634	1
2R	1532676	1532872	1
2R	1533494	1534270	1
2R	1534308	1534825	1
2R	1534947	1535075	1
2R	1535076	1535443	1
2R	1535467	1536000	1
2R	1536190	1536453	1
2R	1536559	1537628	1
2R	1547516	1547690	1
2R	1551541	1551610	1
2R	1553298	1553417	1
2R	1553822	1553999	1
2R	1555961	1556175	1
2R	1556476	1556658	1
2R	1563759	1564036	1
2R	1566186	1566272	1
2R	1566386	1566571	1
2R	1566586	1566822	1
2R	1567629	1567812	1
2R	1567885	1568165	1
2R	1568289	1569411	1
2R	1571373	1571611	1
2R	1572172	1572366	1
2R	1574147	1574289	1
2R	1574839	1575007	1
2R	1576646	1580179	1
2R	1580236	1580441	1
2R	1588883	1589051	1
2R	1589288	1589398	1
2R	1589918	1597948	1
2R	1598359	1598463	1
2R	1598714	1598880	1
2R	1599115	1602323	1
2R	1602447	1602649	1
2R	1602655	1602729	1
2R	1602748	1602938	1
2R	1603009	1604667	1
2R	1605247	1605869	1
2R	1605894	1606396	1
2R	1606405	1606727	1
2R	1607001	1607434	1
2R	1607574	1607638	1
2R	1615891	1617235	1
2R	1617338	1617504	1
2R	1617969	1618153	1
2R	1618348	1618623	1
2R	1620590	1620767	1
2R	1620853	1620911	1
2R	1621762	1621934	1
2R	1622930	1623160	1
2R	1624090	1624165	1
2R	1626938	1627297	1
2R	1628358	1628530	1
2R	1628767	1628950	1
2R	1629149	1629583	1
2R	1630734	1630932	1
2R	1631862	1632039	1
2R	1632081	1632133	1
2R	1632210	1632305	1
2R	1632321	1632542	1
2R	1632731	1632904	1
2R	1632909	1633338	1
2R	1633468	1633654	1
2R	1634586	1634673	1
2R	1635118	1635272	1
2R	1636002	1636186	1
2R	1636699	1637116	1
2R	1637475	1637661	1
2R	1637706	1639106	1
2R	1639416	1640393	1
2R	1640412	1640682	1
2R	1640802	1640860	1
2R	1642091	1642483	1
2R	1642584	1642705	1
2R	1645490	1646240	1
2R	1646755	1650688	1
2R	1650706	1650961	1
2R	1651065	1651154	1
2R	1651223	1651281	1
2R	1651353	1651620	1
2R	1651625	1651705	1
2R	1651757	1659504	1
2R	1659666	1661077	1
2R	1661210	1661728	1
2R	1661760	1662048	1
2R	1662054	1662555	1
2R	1662603	1662805	1
2R	1662839	1664528	1
2R	1665187	1665371	1
2R	1665552	1668589	1
2R	1669119	1669180	1
2R	1669554	1669628	1
2R	1669812	1669956	1
2R	1670695	1670774	1
2R	1670828	1670892	1
2R	1673303	1673588	1
2R	1676115	1676222	1
2R	1676721	1676857	1
2R	1678027	1678120	1
2R	1680961	1681146	1
2R	1682382	1685998	1
2R	1686014	1687764	1
2R	1687829	1688778	1
2R	1688798	1690587	1
2R	1690634	1692299	1
2R	1692636	1692801	1
2R	1700134	1700279	1
2R	1707150	1708966	1
2R	1711654	1711821	1
2R	1715282	1715358	1
2R	1716307	1717688	1
2R	1724656	1733960	1
2R	1734006	1734343	1
2R	1734388	1734499	1
2R	1734505	1734799	1
2R	1734811	1740672	1
2R	1740886	1741046	1
2R	1741524	1741648	1
2R	1741654	1741712	1
2R	1742326	1742524	1
2R	1742529	1742766	1
2R	1743017	1743204	1
2R	1743542	1743726	1
2R	1743767	1743961	1
2R	1744274	1744521	1
2R	1744931	1745276	1
2R	1745404	1745579	1
2R	1746373	1746543	1
2R	1746981	1747141	1
2R	1747863	1748236	1
2R	1748267	1765688	1
2R	1765780	1765856	1
2R	1765945	1766173	1
2R	1766824	1767013	1
2R	1767168	1767246	1
2R	1768022	1768080	1
2R	1768141	1768231	1
2R	1768332	1768575	1
2R	1770159	1770243	1
2R	1770412	1776341	1
2R	1776356	1780758	1
2R	1780858	1781044	1
2R	1785565	1785949	1
2R	1786016	1786361	1
2R	1792745	1792912	1
2R	1797162	1797298	1
2R	1801889	1802052	1
2R	1805235	1805978	1
2R	1806366	1806866	1
2R	1807154	1807362	1
2R	1807448	1807645	1
2R	1807730	1807784	1
2R	1807836	1808053	1
2R	1808319	1808643	1
2R	1809004	1809381	1
2R	1809509	1809674	1
2R	1809852	1809909	1
2R	1809927	1810332	1
2R	1816889	1817171	1
2R	1817398	1817642	1
2R	1817663	1817731	1
2R	1817815	1818174	1
2R	1822157	1822318	1
2R	1825501	1825686	1
2R	1826505	1826674	1
2R	1827315	1827478	1
2R	1832807	1832878	1
2R	1834854	1835559	1
2R	1835703	1835947	1
2R	1835960	1836098	1
2R	1836425	1836612	1
2R	1836765	1837297	1
2R	1840975	1841183	1
2R	1843523	1843771	1
2R	1843838	1845843	1
2R	1845982	1846410	1
2R	1851483	1851656	1
2R	1857322	1857690	1
2R	1857820	1858001	1
2R	1858195	1858879	1
2R	1859042	1859253	1
2R	1859263	1859342	1
2R	1859538	1863746	1
2R	1863958	1864110	1
2R	1864858	1869170	1
2R	1873128	1873846	1
2R	1874114	1874167	1
2R	1874277	1875532	1
2R	1875714	1876350	1
2R	1877478	1877666	1
2R	1877754	1877932	1
2R	1878573	1878743	1
2R	1878779	1879093	1
2R	1879154	1880984	1
2R	1881178	1881367	1
2R	1881651	1881708	1
2R	1881767	1882032	1
2R	1882378	1882563	1
2R	1882571	1882741	1
2R	1884712	1884780	1
2R	1885444	1885555	1
2R	1885775	1886106	1
2R	1886850	1887074	1
2R	1887635	1887765	1
2R	1887776	1887838	1
2R	1887872	1888235	1
2R	1888510	1888946	1
2R	1889447	1893095	1
2R	1893108	1893199	1
2R	1893210	1893415	1
2R	1894273	1894340	1
2R	1894363	1894487	1
2R	1894759	1895137	1
2R	1895480	1895934	1
2R	1896967	1897099	1
2R	1897135	1897441	1
2R	1897762	1897933	1
2R	1898455	1898638	1
2R	1901493	1901659	1
2R	1904777	1905176	1
2R	1905190	1905240	1
2R	1905384	1905537	1
2R	1905631	1905806	1
2R	1906744	1906949	1
2R	1906999	1907263	1
2R	1907682	1907854	1
2R	1911772	1911943	1
2R	1912745	1912921	1
2R	1914803	1914870	1
2R	1915093	1915251	1
2R	1915355	1915553	1
2R	1915599	1915777	1
2R	1916148	1916286	1
2R	1916288	1916362	1
2R	1917890	1917955	1
2R	1918008	1918687	1
2R	1918826	1919087	1
2R	1919283	1931037	1
2R	1931440	1931491	1
2R	1934595	1934692	1
2R	1934720	1935190	1
2R	1936559	1936670	1
2R	1937290	1937691	1
2R	1942100	1942271	1
2R	1948230	1948397	1
2R	1948908	1956429	1
2R	1956502	1960606	1
2R	1960659	1961081	1
2R	1961145	1961522	1
2R	1961847	1967110	1
2R	1967167	1967469	1
2R	1967502	1967677	1
2R	1968193	1968337	1
2R	1975165	1975327	1
2R	1975970	1977287	1
2R	1977977	1978153	1
2R	1978687	1979243	1
2R	1979413	1979776	1
2R	1979854	1980086	1
2R	1980281	1980348	1
2R	1980911	1986953	1
2R	1989340	1989491	1
2R	1994274	1997208	1
2R	1997211	1997295	1
2R	1997319	2000511	1
2R	2004194	2004368	1
2R	2005936	2006407	1
2R	2006849	2006935	1
2R	2007269	2007588	1
2R	2008081	2009609	1
2R	2010017	2010372	1
2R	2010497	2011037	1
2R	2011506	2011778	1
2R	2011801	2011880	1
2R	2012030	2012104	1
2R	2012327	2016222	1
2R	2016433	2017813	1
2R	2019839	2020017	1
2R	2030910	2031085	1
2R	2032985	2033156	1
2R	2034715	2035045	1
2R	2035463	2035693	1
2R	2035723	2035972	1
2R	2036056	2036423	1
2R	2036743	2037167	1
2R	2037686	2037753	1
2R	2040984	2041166	1
2R	2044287	2045355	1
2R	2045439	2048393	1
2R	2048400	2048729	1
2R	2048769	2056874	1
2R	2056954	2057234	1
2R	2057264	2057460	1
2R	2057480	2057891	1
2R	2060180	2061289	1
2R	2061740	2061910	1
2R	2062244	2062397	1
2R	2072264	2072438	1
2R	2073446	2073655	1
2R	2073733	2078760	1
2R	2078989	2080241	1
2R	2080361	2080435	1
2R	2080748	2080986	1
2R	2081094	2081204	1
2R	2081206	2081324	1
2R	2081333	2081394	1
2R	2081490	2081544	1
2R	2081554	2081837	1
2R	2081839	2082543	1
2R	2082547	2082662	1
2R	2082683	2082738	1
2R	2082807	2082937	1
2R	2083037	2083233	1
2R	2083235	2083442	1
2R	2084672	2084763	1
2R	2085810	2085991	1
2R	2086171	2086223	1
2R	2086342	2086730	1
2R	2087813	2088136	1
2R	2089801	2089904	1
2R	2089929	2090012	1
2R	2091046	2091212	1
2R	2091400	2091718	1
2R	2091855	2091954	1
2R	2091999	2092201	1
2R	2092283	2095799	1
2R	2097373	2097551	1
2R	2099096	2099160	1
2R	2099165	2099252	1
2R	2099910	2099969	1
2R	2099978	2100110	1
2R	2100778	2100921	1
2R	2101997	2102057	1
2R	2102061	2102303	1
2R	2103545	2103632	1
2R	2103899	2103961	1
2R	2104520	2104817	1
2R	2106301	2106464	1
2R	2106897	2107180	1
2R	2107484	2107686	1
2R	2107761	2110556	1
2R	2117889	2119978	1
2R	2120086	2120240	1
2R	2120289	2126395	1
2R	2126455	2127789	1
2R	2127942	2128025	1
2R	2128133	2128590	1
2R	2128624	2128697	1
2R	2128721	2128786	1
2R	2129134	2129312	1
2R	2129392	2129443	1
2R	2129446	2129896	1
2R	2131190	2131386	1
2R	2135937	2136119	1
2R	2137565	2137745	1
2R	2138009	2138074	1
2R	2138268	2138433	1
2R	2139342	2139531	1
2R	2139927	2140120	1
2R	2141809	2142001	1
2R	2142112	2142292	1
2R	2142674	2142857	1
2R	2143079	2143161	1
2R	2143574	2145382	1
2R	2146078	2146273	1
2R	2146426	2146946	1
2R	2147118	2147307	1
2R	2147447	2147722	1
2R	2147831	2148010	1
2R	2152298	2152653	1
2R	2153934	2154101	1
2R	2156512	2156721	1
2R	2156806	2157159	1
2R	2158567	2158759	1
2R	2162404	2162583	1
2R	2169776	2169955	1
2R	2170624	2170818	1
2R	2170842	2171210	1
2R	2171225	2171414	1
2R	2171949	2172003	1
2R	2172017	2173699	1
2R	2173801	2174626	1
2R	2174661	2174796	1
2R	2174798	2177743	1
2R	2177744	2178340	1
2R	2178615	2178802	1
2R	2178856	2179030	1
2R	2179465	2179632	1
2R	2183667	2186381	1
2R	2186394	2186958	1
2R	2187109	2188447	1
2R	2188500	2191798	1
2R	2191827	2192910	1
2R	2192924	2194031	1
2R	2194581	2194746	1
2R	2195595	2195990	1
2R	2197200	2197385	1
2R	2198348	2198420	1
2R	2198617	2198728	1
2R	2198948	2199020	1
2R	2201185	2201533	1
2R	2201555	2201954	1
2R	2202004	2202213	1
2R	2203665	2203750	1
2R	2203764	2203973	1
2R	2204213	2206792	1
2R	2208569	2208777	1
2R	2210554	2211822	1
2R	2211963	2213360	1
2R	2214037	2214334	1
2R	2215795	2216140	1
2R	2216173	2216408	1
2R	2216464	2216516	1
2R	2216587	2216819	1
2R	2216826	2217166	1
2R	2219572	2219709	1
2R	2222402	2222528	1
2R	2222582	2222661	1
2R	2222662	2222757	1
2R	2223475	2223645	1
2R	2228065	2228262	1
2R	2228313	2228497	1
2R	2233926	2234288	1
2R	2238884	2247248	1
2R	2247810	2248183	1
2R	2248257	2248557	1
2R	2250467	2250539	1
2R	2254132	2254330	1
2R	2256180	2256370	1
2R	2256371	2256497	1
2R	2257143	2257280	1
2R	2257346	2257566	1
2R	2260473	2260652	1
2R	2261293	2264274	1
2R	2265739	2265918	1
2R	2266638	2266776	1
2R	2266856	2267038	1
2R	2267662	2267859	1
2R	2267883	2267986	1
2R	2268226	2268395	1
2R	2271900	2272068	1
2R	2286196	2286508	1
2R	2301565	2301680	1
2R	2301720	2301813	1
2R	2302130	2302182	1
2R	2302241	2302420	1
2R	2304159	2304327	1
2R	2304783	2305181	1
2R	2305860	2306206	1
2R	2306281	2307680	1
2R	2307731	2308370	1
2R	2308463	2309160	1
2R	2309165	2309828	1
2R	2311092	2318793	1
2R	2319530	2319711	1
2R	2322559	2322759	1
2R	2322774	2323094	1
2R	2323558	2323725	1
2R	2337675	2337855	1
2R	2338480	2339351	1
2R	2339381	2339902	1
2R	2340675	2340844	1
2R	2342422	2342598	1
2R	2345035	2345206	1
2R	2361373	2361545	1
2R	2361726	2361929	1
2R	2362983	2364118	1
2R	2364454	2364893	1
2R	2365332	2366021	1
2R	2368308	2368820	1
2R	2369657	2369824	1
2R	2371029	2371152	1
2R	2371193	2373104	1
2R	2373248	2373353	1
2R	2373857	2373967	1
2R	2374554	2374780	1
2R	2375966	2376160	1
2R	2376405	2376599	1
2R	2377895	2377966	1
2R	2381067	2381243	1
2R	2385438	2385638	1
2R	2393067	2393129	1
2R	2402742	2402922	1
2R	2403527	2403710	1
2R	2404491	2404670	1
2R	2407824	2407936	1
2R	2408896	2409077	1
2R	2417979	2418171	1
2R	2421216	2421408	1
2R	2421421	2421924	1
2R	2425295	2427360	1
2R	2427391	2428307	1
2R	2440373	2440534	1
2R	2444577	2444764	1
2R	2451110	2451281	1
2R	2452704	2452852	1
2R	2454747	2454944	1
2R	2455320	2455473	1
2R	2492647	2496750	1
2R	2496784	2496894	1
2R	2498028	2499035	1
2R	2500107	2500173	1
2R	2500225	2500296	1
2R	2507946	2510291	1
2R	2514074	2518310	1
2R	2518462	2526573	1
2R	2526659	2538762	1
2R	2539100	2540935	1
2R	2544794	2544971	1
2R	2545670	2545768	1
2R	2546637	2546812	1
2R	2551539	2558176	1
2R	2558253	2558764	1
2R	2559977	2560028	1
2R	2561243	2567850	1
2R	2568595	2568763	1
2R	2570771	2570916	1
2R	2570937	2570997	1
2R	2571223	2571399	1
2R	2571541	2571714	1
2R	2577225	2577395	1
2R	2579158	2579330	1
2R	2580006	2580070	1
2R	2580560	2580611	1
2R	2582910	2583044	1
2R	2585875	2586074	1
2R	2587012	2587188	1
2R	2587913	2588006	1
2R	2588986	2590011	1
2R	2590051	2591591	1
2R	2592183	2592248	1
2R	2592377	2592556	1
2R	2594029	2594825	1
2R	2594871	2594985	1
2R	2596334	2596528	1
2R	2601279	2601449	1
2R	2602804	2602989	1
2R	2614953	2615128	1
2R	2615555	2615901	1
2R	2617244	2617483	1
2R	2638046	2638299	1
2R	2638344	2638614	1
2R	2638719	2640273	1
2R	2640308	2642801	1
2R	2643470	2643642	1
2R	2643935	2644028	1
2R	2644104	2644288	1
2R	2644326	2646557	1
2R	2646563	2646622	1
2R	2646627	2646702	1
2R	2646772	2647011	1
2R	2647201	2647273	1
2R	2647429	2647627	1
2R	2648099	2648156	1
2R	2648202	2648314	1
2R	2649506	2649686	1
2R	2649710	2649901	1
2R	2649948	2650287	1
2R	2650529	2651225	1
2R	2651828	2651999	1
2R	2653567	2653749	1
2R	2653756	2653985	1
2R	2654376	2654553	1
2R	2655558	2655624	1
2R	2655826	2655888	1
2R	2655934	2656133	1
2R	2658547	2658928	1
2R	2658933	2659311	1
2R	2659319	2659523	1
2R	2659662	2659915	1
2R	2665134	2665313	1
2R	2665490	2666912	1
2R	2667100	2668064	1
2R	2668216	2668710	1
2R	2668777	2669125	1
2R	2669234	2670189	1
2R	2670551	2673487	1
2R	2673585	2673667	1
2R	2673670	2674095	1
2R	2674173	2684772	1
2R	2684872	2685149	1
2R	2685157	2685632	1
2R	2685760	2686035	1
2R	2686065	2686298	1
2R	2686301	2686702	1
2R	2686738	2687488	1
2R	2688083	2689091	1
2R	2689275	2689552	1
2R	2689694	2690028	1
2R	2690142	2690570	1
2R	2690728	2691337	1
2R	2691349	2691702	1
2R	2691750	2691957	1
2R	2692042	2692276	1
2R	2692622	2693002	1
2R	2693010	2693627	1
2R	2698576	2698717	1
2R	2699501	2699698	1
2R	2699771	2699964	1
2R	2700049	2700186	1
2R	2700635	2700791	1
2R	2700906	2701368	1
2R	2701557	2702067	1
2R	2702072	2702132	1
2R	2702382	2702796	1
2R	2702852	2703016	1
2R	2703187	2706177	1
2R	2709106	2709276	1
2R	2710753	2710933	1
2R	2711111	2711293	1
2R	2712160	2712238	1
2R	2718568	2718763	1
2R	2724793	2728641	1
2R	2730280	2730439	1
2R	2733071	2733247	1
2R	2734889	2735087	1
2R	2737718	2737812	1
2R	2737933	2738490	1
2R	2738525	2738670	1
2R	2739851	2740471	1
2R	2740891	2741093	1
2R	2741372	2741437	1
2R	2741699	2742085	1
2R	2742226	2742292	1
2R	2742362	2743747	1
2R	2743863	2753284	1
2R	2753429	2753500	1
2R	2753587	2754873	1
2R	2763027	2763124	1
2R	2769251	2770580	1
2R	2770647	2771465	1
2R	2771519	2771783	1
2R	2771839	2772202	1
2R	2772249	2772565	1
2R	2772628	2772816	1
2R	2772867	2773890	1
2R	2773935	2774320	1
2R	2774472	2774660	1
2R	2774770	2774960	1
2R	2775132	2777773	1
2R	2777927	2781475	1
2R	2781524	2781725	1
2R	2781781	2785928	1
2R	2787559	2791793	1
2R	2791846	2797168	1
2R	2797236	2797430	1
2R	2797512	2797817	1
2R	2797878	2798130	1
2R	2798175	2798395	1
2R	2798604	2798807	1
2R	2798935	2799420	1
2R	2799460	2799542	1
2R	2799543	2799633	1
2R	2800274	2800361	1
2R	2800381	2800581	1
2R	2801161	2801336	1
2R	2802529	2802705	1
2R	2802952	2803541	1
2R	2803580	2803766	1
2R	2803838	2804396	1
2R	2816174	2816452	1
2R	2816460	2816565	1
2R	2816567	2816746	1
2R	2816806	2816856	1
2R	2817000	2817052	1
2R	2819714	2819767	1
2R	2820664	2823413	1
2R	2823421	2823647	1
2R	2823682	2824098	1
2R	2824163	2825219	1
2R	2826774	2826964	1
2R	2828444	2828510	1
2R	2829689	2829886	1
2R	2829921	2830156	1
2R	2830166	2831073	1
2R	2831446	2831701	1
2R	2831815	2831874	1
2R	2832066	2832723	1
2R	2832760	2833076	1
2R	2833148	2833321	1
2R	2833772	2833939	1
2R	2835638	2835804	1
2R	2842874	2844430	1
2R	2844493	2845254	1
2R	2845315	2845717	1
2R	2846118	2849634	1
2R	2850112	2850503	1
2R	2850573	2850736	1
2R	2852869	2853042	1
2R	2853224	2853391	1
2R	2855525	2855760	1
2R	2856138	2857128	1
2R	2862693	2865237	1
2R	2865362	2865526	1
2R	2865601	2868704	1
2R	2868994	2869044	1
2R	2869158	2869366	1
2R	2869416	2869598	1
2R	2869633	2870108	1
2R	2870819	2870976	1
2R	2871169	2872216	1
2R	2872389	2874747	1
2R	2874767	2874924	1
2R	2874975	2875510	1
2R	2875639	2875724	1
2R	2875867	2876015	1
2R	2876040	2876252	1
2R	2876254	2876664	1
2R	2876710	2876966	1
2R	2877143	2877932	1
2R	2877956	2878580	1
2R	2878762	2879917	1
2R	2880149	2880620	1
2R	2880622	2880702	1
2R	2880914	2885849	1
2R	2885983	2886263	1
2R	2886483	2886678	1
2R	2889107	2889274	1
2R	2891681	2891861	1
2R	2892103	2892369	1
2R	2893364	2893538	1
2R	2895433	2895598	1
2R	2895986	2896037	1
2R	2897046	2897232	1
2R	2897249	2897428	1
2R	2899312	2899496	1
2R	2899516	2899702	1
2R	2899773	2900009	1
2R	2900101	2900482	1
2R	2900634	2900827	1
2R	2901171	2901363	1
2R	2902553	2904593	1
2R	2904676	2904825	1
2R	2905907	2907669	1
2R	2907814	2907988	1
2R	2908482	2908895	1
2R	2908933	2909115	1
2R	2909454	2909617	1
2R	2914071	2914280	1
2R	2914989	2915169	1
2R	2915766	2916070	1
2R	2916451	2916891	1
2R	2916915	2917568	1
2R	2917870	2918164	1
2R	2918221	2921282	1
2R	2921321	2921505	1
2R	2922569	2922850	1
2R	2922937	2923836	1
2R	2923871	2924100	1
2R	2924324	2924535	1
2R	2926628	2926803	1
2R	2929068	2930002	1
2R	2930043	2931645	1
2R	2931649	2934066	1
2R	2934551	2935259	1
2R	2936989	2937611	1
2R	2937807	2945323	1
2R	2945682	2949900	1
2R	2949934	2955150	1
2R	2955531	2955664	1
2R	2955690	2955867	1
2R	2956050	2956220	1
2R	2957041	2957212	1
2R	2957369	2972672	1
2R	2972709	2974292	1
2R	2976087	2976504	1
2R	2976703	2976970	1
2R	2977013	2977298	1
2R	2977379	2977564	1
2R	2977727	2977910	1
2R	2979029	2979150	1
2R	2980067	2981768	1
2R	2982497	2982736	1
2R	2983292	2983461	1
2R	2984169	2984337	1
2R	2986985	2987144	1
2R	2987922	2988123	1
2R	2993157	2993669	1
2R	2993891	2994318	1
2R	2995082	2995227	1
2R	2995557	2995618	1
2R	3002507	3002671	1
2R	3003676	3003835	1
2R	3004282	3004443	1
2R	3008579	3010712	1
2R	3010746	3011005	1
2R	3011206	3011482	1
2R	3011572	3011768	1
2R	3011845	3011936	1
2R	3012007	3012248	1
2R	3012576	3012739	1
2R	3013031	3013222	1
2R	3017786	3017920	1
2R	3019405	3019580	1
2R	3019928	3020426	1
2R	3020585	3022492	1
2R	3022595	3023096	1
2R	3027670	3028149	1
2R	3028299	3028639	1
2R	3028711	3033118	1
2R	3033778	3033837	1
2R	3034166	3034639	1
2R	3034647	3034796	1
2R	3035018	3035202	1
2R	3035246	3035465	1
2R	3036575	3038023	1
2R	3038697	3038887	1
2R	3040065	3040247	1
2R	3040958	3041009	1
2R	3041901	3042156	1
2R	3042185	3042961	1
2R	3044463	3044540	1
2R	3047751	3047804	1
2R	3050327	3050506	1
2R	3051231	3051510	1
2R	3051524	3051848	1
2R	3052330	3052480	1
2R	3064173	3064224	1
2R	3064312	3064524	1
2R	3064749	3073508	1
2R	3073871	3074022	1
2R	3074154	3074327	1
2R	3074365	3074542	1
2R	3074646	3074816	1
2R	3075166	3075257	1
2R	3075517	3075603	1
2R	3075925	3075994	1
2R	3076219	3076421	1
2R	3076539	3076735	1
2R	3076842	3077047	1
2R	3077057	3077398	1
2R	3077526	3077630	1
2R	3078121	3079486	1
2R	3080561	3080736	1
2R	3081279	3084194	1
2R	3084254	3084451	1
2R	3084464	3084670	1
2R	3084848	3085646	1
2R	3088872	3093598	1
2R	3093731	3095182	1
2R	3095266	3095329	1
2R	3095370	3098539	1
2R	3099897	3101703	1
2R	3101840	3101948	1
2R	3102106	3102295	1
2R	3102499	3103070	1
2R	3103076	3103875	1
2R	3103944	3114023	1
2R	3114071	3120112	1
2R	3120147	3126931	1
2R	3127233	3130494	1
2R	3131558	3132094	1
2R	3132132	3132309	1
2R	3132471	3132916	1
2R	3132939	3133201	1
2R	3133241	3133661	1
2R	3133699	3134006	1
2R	3134051	3134133	1
2R	3134167	3134424	1
2R	3134498	3135811	1
2R	3135928	3137535	1
2R	3138054	3139023	1
2R	3139036	3140715	1
2R	3140742	3140954	1
2R	3141041	3142943	1
2R	3143424	3143665	1
2R	3143935	3147309	1
2R	3147367	3147824	1
2R	3148602	3148934	1
2R	3148944	3149135	1
2R	3149347	3149421	1
2R	3149535	3149720	1
2R	3149874	3151072	1
2R	3151080	3151325	1
2R	3151424	3152809	1
2R	3152935	3153673	1
2R	3153735	3153930	1
2R	3153983	3154177	1
2R	3154323	3154637	1
2R	3154698	3157166	1
2R	3157305	3160145	1
2R	3160163	3162274	1
2R	3162524	3166652	1
2R	3168163	3169106	1
2R	3169536	3171137	1
2R	3172039	3176569	1
2R	3176572	3193006	1
2R	3193319	3193748	1
2R	3193937	3194336	1
2R	3194361	3194694	1
2R	3194754	3194892	1
2R	3194894	3195121	1
2R	3198445	3198852	1
2R	3199054	3199235	1
2R	3199267	3199449	1
2R	3199828	3200015	1
2R	3200144	3200321	1
2R	3200501	3200697	1
2R	3201686	3201889	1
2R	3202025	3202730	1
2R	3202920	3209745	1
2R	3209858	3210035	1
2R	3213132	3213312	1
2R	3213742	3213896	1
2R	3215519	3215584	1
2R	3222487	3222649	1
2R	3243590	3243719	1
2R	3246177	3246340	1
2R	3251121	3251288	1
2R	3252318	3252395	1
2R	3259143	3259311	1
2R	3265519	3265679	1
2R	3267055	3267255	1
2R	3270281	3270422	1
2R	3271228	3271394	1
2R	3271451	3271601	1
2R	3272579	3272753	1
2R	3274326	3274502	1
2R	3275081	3275142	1
2R	3275503	3275670	1
2R	3276387	3276568	1
2R	3278057	3278245	1
2R	3279019	3279079	1
2R	3279444	3279622	1
2R	3281790	3281930	1
2R	3282210	3282402	1
2R	3282711	3282914	1
2R	3283077	3284083	1
2R	3284110	3284168	1
2R	3284795	3284847	1
2R	3285013	3285161	1
2R	3286230	3286414	1
2R	3286555	3289068	1
2R	3289314	3293172	1
2R	3293486	3293691	1
2R	3298834	3299006	1
2R	3301213	3301396	1
2R	3303244	3303790	1
2R	3303983	3304146	1
2R	3306012	3306181	1
2R	3312948	3313126	1
2R	3320178	3320274	1
2R	3322673	3322854	1
2R	3324301	3324466	1
2R	3326362	3326527	1
2R	3333755	3333916	1
2R	3335380	3335558	1
2R	3336148	3336523	1
2R	3337235	3337562	1
2R	3338687	3338795	1
2R	3338913	3340684	1
2R	3340735	3340803	1
2R	3340814	3341980	1
2R	3343164	3343247	1
2R	3343586	3343653	1
2R	3344546	3344761	1
2R	3344829	3345054	1
2R	3345088	3346474	1
2R	3346673	3346886	1
2R	3347378	3351833	1
2R	3352766	3352837	1
2R	3352889	3353029	1
2R	3354802	3354859	1
2R	3357621	3357794	1
2R	3357878	3358022	1
2R	3358446	3358586	1
2R	3358587	3358661	1
2R	3360334	3360677	1
2R	3360849	3360933	1
2R	3361028	3361195	1
2R	3368159	3368344	1
2R	3368538	3368879	1
2R	3368966	3369057	1
2R	3369318	3369495	1
2R	3369590	3369674	1
2R	3374708	3374872	1
2R	3375087	3375258	1
2R	3376191	3376389	1
2R	3379257	3379406	1
2R	3379866	3380039	1
2R	3380118	3380378	1
2R	3380440	3382536	1
2R	3382637	3382845	1
2R	3383036	3383203	1
2R	3383786	3385416	1
2R	3386856	3386935	1
2R	3392956	3393351	1
2R	3393680	3400700	1
2R	3447253	3447429	1
2R	3447906	3448079	1
2R	3451050	3451226	1
2R	3451581	3451747	1
2R	3451947	3452117	1
2R	3452226	3454961	1
2R	3454968	3455449	1
2R	3455537	3456948	1
2R	3456976	3457285	1
2R	3457635	3458225	1
2R	3458235	3458340	1
2R	3458417	3459373	1
2R	3459439	3460325	1
2R	3460347	3460405	1
2R	3460413	3460469	1
2R	3460524	3464757	1
2R	3464956	3465141	1
2R	3465204	3465426	1
2R	3465449	3465905	1
2R	3466024	3466101	1
2R	3467254	3467443	1
2R	3468154	3468689	1
2R	3469432	3469482	1
2R	3470943	3471108	1
2R	3475929	3476102	1
2R	3476734	3476809	1
2R	3477709	3481218	1
2R	3481321	3481477	1
2R	3481651	3481941	1
2R	3482022	3482111	1
2R	3482125	3482420	1
2R	3485656	3485861	1
2R	3485873	3486077	1
2R	3487595	3487827	1
2R	3487874	3488064	1
2R	3488086	3488557	1
2R	3488572	3488945	1
2R	3489058	3490567	1
2R	3490727	3492849	1
2R	3492990	3493194	1
2R	3493686	3493885	1
2R	3497469	3497633	1
2R	3498360	3498544	1
2R	3500732	3500914	1
2R	3502068	3502605	1
2R	3503222	3503401	1
2R	3503593	3503783	1
2R	3503888	3505182	1
2R	3505435	3505500	1
2R	3505533	3505755	1
2R	3505832	3506064	1
2R	3512554	3512695	1
2R	3513136	3513299	1
2R	3514184	3515726	1
2R	3515727	3515819	1
2R	3515865	3516574	1
2R	3516738	3517192	1
2R	3517322	3518472	1
2R	3518492	3518578	1
2R	3519151	3519346	1
2R	3519348	3519724	1
2R	3520103	3520408	1
2R	3520718	3520877	1
2R	3521452	3524533	1
2R	3524689	3525016	1
2R	3525035	3525462	1
2R	3525564	3525750	1
2R	3525782	3526142	1
2R	3526187	3526681	1
2R	3531193	3532627	1
2R	3535854	3536626	1
2R	3536735	3536955	1
2R	3537530	3537701	1
2R	3539912	3540023	1
2R	3542232	3542402	1
2R	3542713	3542774	1
2R	3543624	3543766	1
2R	3544803	3545412	1
2R	3545698	3549527	1
2R	3549723	3552457	1
2R	3552573	3556063	1
2R	3556069	3557299	1
2R	3557498	3559666	1
2R	3559673	3559771	1
2R	3560595	3561008	1
2R	3561086	3562277	1
2R	3562304	3562572	1
2R	3562663	3564970	1
2R	3568986	3569154	1
2R	3569642	3569813	1
2R	3570009	3570064	1
2R	3572237	3572405	1
2R	3572615	3573767	1
2R	3573781	3574032	1
2R	3574107	3574158	1
2R	3574167	3574411	1
2R	3574419	3574881	1
2R	3575109	3575413	1
2R	3576000	3576127	1
2R	3576518	3576758	1
2R	3577636	3577803	1
2R	3577936	3583524	1
2R	3583865	3590922	1
2R	3591029	3594551	1
2R	3595720	3595973	1
2R	3597504	3597666	1
2R	3599786	3600923	1
2R	3600958	3601140	1
2R	3601199	3601481	1
2R	3603464	3603659	1
2R	3603671	3603856	1
2R	3603965	3604129	1
2R	3604799	3604891	1
2R	3605033	3605220	1
2R	3606360	3606698	1
2R	3607808	3607993	1
2R	3608761	3609002	1
2R	3609384	3609560	1
2R	3610107	3610298	1
2R	3610399	3610591	1
2R	3610794	3610977	1
2R	3611820	3611994	1
2R	3612052	3612149	1
2R	3612512	3612655	1
2R	3612742	3612927	1
2R	3613392	3613560	1
2R	3613878	3614048	1
2R	3614930	3614993	1
2R	3616664	3616854	1
2R	3621876	3622047	1
2R	3622692	3622930	1
2R	3626553	3626720	1
2R	3627784	3628328	1
2R	3634818	3635077	1
2R	3635560	3635733	1
2R	3636077	3636211	1
2R	3637207	3641749	1
2R	3646144	3646482	1
2R	3646812	3646991	1
2R	3650287	3650561	1
2R	3650830	3650995	1
2R	3651584	3651766	1
2R	3651772	3651905	1
2R	3652479	3652654	1
2R	3653390	3653585	1
2R	3653971	3654026	1
2R	3654550	3654611	1
2R	3655444	3655499	1
2R	3655863	3655975	1
2R	3656205	3656364	1
2R	3658511	3658689	1
2R	3663637	3664276	1
2R	3669002	3669172	1
2R	3670307	3670721	1
2R	3681517	3681939	1
2R	3682438	3682625	1
2R	3683809	3683860	1
2R	3687362	3687534	1
2R	3687625	3687721	1
2R	3688236	3688313	1
2R	3688314	3688588	1
2R	3689130	3689306	1
2R	3694041	3694215	1
2R	3694297	3694467	1
2R	3694820	3694898	1
2R	3698805	3698995	1
2R	3701795	3701961	1
2R	3703517	3703721	1
2R	3703727	3703782	1
2R	3704181	3704397	1
2R	3704577	3704655	1
2R	3705091	3705147	1
2R	3705512	3705696	1
2R	3709854	3710041	1
2R	3710421	3710849	1
2R	3712534	3712591	1
2R	3713186	3713365	1
2R	3714467	3714652	1
2R	3715643	3715765	1
2R	3716835	3717227	1
2R	3718089	3718155	1
2R	3718324	3718397	1
2R	3762270	3762440	1
2R	3763438	3763539	1
2R	3764950	3765121	1
2R	3772367	3772539	1
2R	3781564	3781742	1
2R	3789218	3789389	1
2R	3793324	3793498	1
2R	3795597	3795766	1
2R	3801934	3802116	1
2R	3805160	3805327	1
2R	3805943	3806117	1
2R	3814108	3814238	1
2R	3817244	3817551	1
2R	3818769	3819043	1
2R	3820535	3820676	1
2R	3821050	3821615	1
2R	3821704	3822296	1
2R	3822524	3823109	1
2R	3823172	3823447	1
2R	3824542	3824646	1
2R	3840145	3840314	1
2R	3844228	3844406	1
2R	3860618	3860788	1
2R	3867325	3867506	1
2R	3870483	3870660	1
2R	3870931	3871281	1
2R	3871512	3872028	1
2R	3873324	3873498	1
2R	3874368	3874568	1
2R	3875555	3875730	1
2R	3876792	3876887	1
2R	3876957	3877438	1
2R	3877568	3877805	1
2R	3878326	3878418	1
2R	3878714	3879613	1
2R	3879772	3879976	1
2R	3880057	3880533	1
2R	3881320	3881715	1
2R	3881812	3881922	1
2R	3882987	3883231	1
2R	3883609	3883774	1
2R	3890841	3891002	1
2R	3893731	3893903	1
2R	3897179	3897630	1
2R	3897733	3898750	1
2R	3898903	3902044	1
2R	3902418	3902704	1
2R	3902785	3908965	1
2R	3909318	3909383	1
2R	3910092	3910277	1
2R	3910573	3910665	1
2R	3911689	3911866	1
2R	3911943	3912140	1
2R	3912630	3912951	1
2R	3913307	3915615	1
2R	3915750	3916957	1
2R	3916977	3917037	1
2R	3917045	3917113	1
2R	3917173	3919702	1
2R	3919737	3922839	1
2R	3922910	3923594	1
2R	3923671	3924977	1
2R	3925072	3925355	1
2R	3925389	3935047	1
2R	3935843	3937683	1
2R	3937700	3940111	1
2R	3940126	3940396	1
2R	3940408	3940884	1
2R	3940922	3941100	1
2R	3941325	3941527	1
2R	3941528	3943403	1
2R	3956441	3956607	1
2R	3960971	3961139	1
2R	3967038	3967221	1
2R	3971740	3971909	1
2R	3985662	3985833	1
2R	3989581	3989748	1
2R	3990373	3990543	1
2R	3998301	3998780	1
2R	3998787	4000723	1
2R	4000805	4001480	1
2R	4001495	4003318	1
2R	4003320	4006942	1
2R	4007094	4007465	1
2R	4007510	4007943	1
2R	4007962	4009222	1
2R	4009239	4009328	1
2R	4009611	4010852	1
2R	4010856	4016455	1
2R	4017118	4018546	1
2R	4019222	4019401	1
2R	4020027	4020114	1
2R	4022148	4022327	1
2R	4022753	4031909	1
2R	4034347	4034533	1
2R	4039060	4039228	1
2R	4039696	4039769	1
2R	4039797	4039984	1
2R	4044234	4044591	1
2R	4050429	4050517	1
2R	4051012	4052145	1
2R	4054550	4054720	1
2R	4055305	4055499	1
2R	4057272	4057445	1
2R	4059384	4059560	1
2R	4065510	4065565	1
2R	4074048	4074219	1
2R	4074618	4074789	1
2R	4077196	4077354	1
2R	4079295	4079630	1
2R	4089320	4090525	1
2R	4090637	4091265	1
2R	4091599	4094765	1
2R	4095015	4095205	1
2R	4095356	4095610	1
2R	4100709	4101008	1
2R	4101055	4101430	1
2R	4101431	4101631	1
2R	4101632	4101683	1
2R	4101827	4102524	1
2R	4103221	4103408	1
2R	4105557	4105740	1
2R	4106789	4106857	1
2R	4114678	4114847	1
2R	4116837	4117019	1
2R	4121989	4122593	1
2R	4122600	4123562	1
2R	4123669	4123777	1
2R	4123825	4124141	1
2R	4124530	4124783	1
2R	4124818	4125073	1
2R	4125266	4125455	1
2R	4126376	4126561	1
2R	4126595	4126773	1
2R	4127841	4128015	1
2R	4128493	4128721	1
2R	4129207	4129271	1
2R	4129312	4129365	1
2R	4129556	4129819	1
2R	4129998	4141975	1
2R	4150103	4150260	1
2R	4150463	4151663	1
2R	4151677	4151941	1
2R	4152044	4154184	1
2R	4154189	4162303	1
2R	4162310	4163247	1
2R	4163318	4163514	1
2R	4163665	4163824	1
2R	4164353	4164555	1
2R	4164627	4165033	1
2R	4165363	4165564	1
2R	4165722	4166868	1
2R	4169377	4169556	1
2R	4170029	4170094	1
2R	4170319	4170449	1
2R	4170450	4170763	1
2R	4171198	4171384	1
2R	4171418	4171744	1
2R	4171752	4172055	1
2R	4172101	4172454	1
2R	4172455	4172824	1
2R	4172885	4173052	1
2R	4173183	4173359	1
2R	4174072	4174729	1
2R	4179177	4179335	1
2R	4180092	4180371	1
2R	4180379	4180672	1
2R	4180709	4182634	1
2R	4182731	4183362	1
2R	4183575	4183751	1
2R	4183910	4184216	1
2R	4184377	4189533	1
2R	4189602	4190655	1
2R	4190694	4193365	1
2R	4193385	4193839	1
2R	4193845	4195386	1
2R	4196783	4197094	1
2R	4197095	4197295	1
2R	4197568	4197921	1
2R	4197948	4198287	1
2R	4198308	4198534	1
2R	4198537	4198647	1
2R	4199086	4199291	1
2R	4199296	4199549	1
2R	4199560	4202540	1
2R	4202677	4202924	1
2R	4202951	4204288	1
2R	4204498	4206749	1
2R	4207610	4207717	1
2R	4207768	4207949	1
2R	4208296	4208464	1
2R	4209089	4209267	1
2R	4209902	4210077	1
2R	4210153	4210335	1
2R	4210365	4210543	1
2R	4212143	4212313	1
2R	4212949	4213125	1
2R	4218557	4218729	1
2R	4219196	4219436	1
2R	4219742	4219822	1
2R	4219823	4219911	1
2R	4222023	4222093	1
2R	4222098	4222157	1
2R	4222162	4222351	1
2R	4223728	4223806	1
2R	4223902	4224092	1
2R	4224118	4224313	1
2R	4224315	4224975	1
2R	4225840	4226021	1
2R	4228370	4228496	1
2R	4230785	4232990	1
2R	4233036	4233305	1
2R	4233309	4245598	1
2R	4245836	4246012	1
2R	4246574	4246739	1
2R	4246875	4247060	1
2R	4247292	4247664	1
2R	4247918	4248102	1
2R	4248500	4248683	1
2R	4249109	4249269	1
2R	4249476	4249594	1
2R	4249786	4249971	1
2R	4250000	4250099	1
2R	4250290	4250472	1
2R	4251061	4251242	1
2R	4251331	4251512	1
2R	4251803	4251993	1
2R	4252215	4253028	1
2R	4253128	4253315	1
2R	4253552	4253729	1
2R	4254303	4254395	1
2R	4254649	4254704	1
2R	4254933	4254997	1
2R	4255692	4255864	1
2R	4258391	4258567	1
2R	4258640	4258821	1
2R	4259351	4259516	1
2R	4260061	4260509	1
2R	4260709	4261995	1
2R	4262488	4262570	1
2R	4268603	4272784	1
2R	4273664	4273860	1
2R	4275475	4275666	1
2R	4275709	4275761	1
2R	4276056	4279273	1
2R	4279294	4279603	1
2R	4279605	4280717	1
2R	4280721	4280989	1
2R	4280999	4281177	1
2R	4282057	4282228	1
2R	4283841	4284021	1
2R	4284418	4284710	1
2R	4284728	4284778	1
2R	4284989	4287844	1
2R	4288098	4288326	1
2R	4288433	4288696	1
2R	4288815	4289300	1
2R	4289583	4289747	1
2R	4290084	4290387	1
2R	4290590	4290772	1
2R	4290866	4291048	1
2R	4291572	4291922	1
2R	4292030	4292228	1
2R	4292730	4294658	1
2R	4294680	4295153	1
2R	4295155	4296555	1
2R	4296561	4300178	1
2R	4307385	4307628	1
2R	4307681	4313761	1
2R	4314056	4314165	1
2R	4316310	4316478	1
2R	4320943	4324467	1
2R	4324513	4324613	1
2R	4324894	4325186	1
2R	4325521	4325737	1
2R	4328175	4330781	1
2R	4335302	4335707	1
2R	4335988	4337772	1
2R	4337842	4338568	1
2R	4338714	4338967	1
2R	4338971	4340875	1
2R	4340880	4341258	1
2R	4341431	4341502	1
2R	4341504	4341845	1
2R	4341886	4345902	1
2R	4345903	4346571	1
2R	4346581	4348505	1
2R	4348511	4348714	1
2R	4348786	4348853	1
2R	4348900	4352718	1
2R	4358650	4358813	1
2R	4361201	4361423	1
2R	4361485	4361652	1
2R	4362047	4362207	1
2R	4362281	4362790	1
2R	4362809	4363736	1
2R	4363799	4364037	1
2R	4365669	4366031	1
2R	4366148	4369608	1
2R	4370951	4371130	1
2R	4373719	4373997	1
2R	4374275	4374365	1
2R	4374374	4379454	1
2R	4386026	4386182	1
2R	4386326	4386449	1
2R	4386692	4387344	1
2R	4387673	4390390	1
2R	4390496	4391378	1
2R	4391410	4392394	1
2R	4394857	4395128	1
2R	4395478	4395804	1
2R	4396078	4396194	1
2R	4396237	4398304	1
2R	4398339	4398887	1
2R	4398958	4399325	1
2R	4399329	4399390	1
2R	4399710	4403139	1
2R	4403206	4404406	1
2R	4404445	4412602	1
2R	4412643	4412988	1
2R	4413229	4413438	1
2R	4413457	4413776	1
2R	4413822	4414491	1
2R	4416755	4416929	1
2R	4417387	4417682	1
2R	4418250	4418550	1
2R	4419018	4419156	1
2R	4420065	4420238	1
2R	4421618	4421688	1
2R	4421809	4421999	1
2R	4423005	4423180	1
2R	4423208	4423433	1
2R	4423720	4423894	1
2R	4424340	4424393	1
2R	4424454	4424548	1
2R	4424665	4427461	1
2R	4427575	4431849	1
2R	4439024	4440114	1
2R	4447579	4448144	1
2R	4448180	4448233	1
2R	4448240	4449103	1
2R	4449216	4450020	1
2R	4450022	4450240	1
2R	4469816	4470013	1
2R	4470096	4470151	1
2R	4470208	4470263	1
2R	4470412	4471915	1
2R	4472196	4472387	1
2R	4472492	4472628	1
2R	4472786	4473077	1
2R	4474025	4474233	1
2R	4474729	4474830	1
2R	4474855	4475159	1
2R	4475160	4475219	1
2R	4476021	4476201	1
2R	4476481	4476627	1
2R	4477241	4477372	1
2R	4477397	4477738	1
2R	4477803	4477874	1
2R	4478381	4478474	1
2R	4478551	4478745	1
2R	4479002	4479426	1
2R	4479576	4479785	1
2R	4479820	4479872	1
2R	4479963	4480342	1
2R	4480666	4480983	1
2R	4481121	4481322	1
2R	4482228	4482338	1
2R	4483090	4483296	1
2R	4487861	4488000	1
2R	4500934	4504154	1
2R	4504199	4504398	1
2R	4504401	4504597	1
2R	4504733	4504790	1
2R	4504811	4505170	1
2R	4505175	4505501	1
2R	4505523	4505690	1
2R	4505746	4505938	1
2R	4505955	4508675	1
2R	4508676	4509686	1
2R	4509825	4510174	1
2R	4510175	4510567	1
2R	4510594	4510862	1
2R	4510899	4512640	1
2R	4512684	4512756	1
2R	4512766	4513063	1
2R	4513087	4513139	1
2R	4513141	4513334	1
2R	4513349	4521907	1
2R	4521945	4522202	1
2R	4522529	4522833	1
2R	4522987	4523367	1
2R	4523446	4523637	1
2R	4523696	4523747	1
2R	4523844	4523903	1
2R	4524196	4524471	1
2R	4524971	4525191	1
2R	4525246	4526405	1
2R	4526528	4527145	1
2R	4527161	4527657	1
2R	4529833	4529885	1
2R	4530077	4530177	1
2R	4530496	4530576	1
2R	4531626	4531827	1
2R	4531879	4532080	1
2R	4532183	4532736	1
2R	4532802	4533319	1
2R	4533345	4540500	1
2R	4540502	4541238	1
2R	4541601	4543267	1
2R	4543764	4547825	1
2R	4548185	4550999	1
2R	4551249	4552863	1
2R	4554513	4554678	1
2R	4557131	4568553	1
2R	4568692	4568888	1
2R	4568942	4569144	1
2R	4569225	4569414	1
2R	4569657	4569984	1
2R	4569985	4570142	1
2R	4570212	4570289	1
2R	4570384	4570449	1
2R	4570780	4571838	1
2R	4572220	4572272	1
2R	4572617	4572788	1
2R	4573105	4573205	1
2R	4573271	4573442	1
2R	4574174	4574353	1
2R	4575579	4577250	1
2R	4577704	4586946	1
2R	4586969	4587214	1
2R	4587848	4588062	1
2R	4588065	4588387	1
2R	4590126	4590207	1
2R	4591468	4591637	1
2R	4592148	4592436	1
2R	4592761	4600381	1
2R	4600572	4610640	1
2R	4611062	4616784	1
2R	4617205	4622377	1
2R	4622613	4622993	1
2R	4623928	4624688	1
2R	4624770	4624974	1
2R	4625667	4625831	1
2R	4625945	4626119	1
2R	4626356	4628862	1
2R	4629096	4630095	1
2R	4630154	4630337	1
2R	4630657	4630960	1
2R	4631145	4631330	1
2R	4631633	4631866	1
2R	4632133	4632460	1
2R	4632616	4633742	1
2R	4633746	4636226	1
2R	4636259	4637118	1
2R	4637240	4637433	1
2R	4637505	4637964	1
2R	4638291	4638647	1
2R	4638684	4641976	1
2R	4648966	4649116	1
2R	4649202	4650376	1
2R	4653000	4653072	1
2R	4654825	4655162	1
2R	4655169	4655413	1
2R	4655437	4655685	1
2R	4655736	4659120	1
2R	4659138	4659387	1
2R	4669611	4669800	1
2R	4670143	4678155	1
2R	4678156	4678704	1
2R	4678777	4679221	1
2R	4679237	4679408	1
2R	4679828	4679885	1
2R	4681216	4681447	1
2R	4681504	4681576	1
2R	4682209	4682389	1
2R	4682957	4683151	1
2R	4684819	4685091	1
2R	4686353	4686563	1
2R	4686967	4689063	1
2R	4689111	4696590	1
2R	4697318	4708661	1
2R	4708710	4710482	1
2R	4710487	4716960	1
2R	4716966	4717233	1
2R	4717246	4717311	1
2R	4718019	4718212	1
2R	4718355	4730911	1
2R	4731063	4732897	1
2R	4735757	4737247	1
2R	4738060	4738239	1
2R	4738265	4740178	1
2R	4740247	4740647	1
2R	4740756	4740900	1
2R	4740908	4741185	1
2R	4741519	4741610	1
2R	4742273	4742329	1
2R	4742886	4743006	1
2R	4743085	4750379	1
2R	4751313	4758258	1
2R	4758340	4758527	1
2R	4758932	4758988	1
2R	4759336	4760963	1
2R	4761809	4761977	1
2R	4762399	4762568	1
2R	4763313	4763474	1
2R	4763591	4763762	1
2R	4774449	4775497	1
2R	4775506	4776050	1
2R	4776107	4776516	1
2R	4776517	4776716	1
2R	4776732	4777072	1
2R	4777112	4777305	1
2R	4777350	4777759	1
2R	4777943	4778790	1
2R	4778793	4779035	1
2R	4779038	4779205	1
2R	4779376	4779555	1
2R	4779922	4792284	1
2R	4792387	4792616	1
2R	4794008	4805196	1
2R	4812416	4812488	1
2R	4814099	4814236	1
2R	4815087	4830402	1
2R	4830682	4830759	1
2R	4831420	4831536	1
2R	4831752	4833757	1
2R	4833783	4834080	1
2R	4836062	4836253	1
2R	4836369	4836471	1
2R	4836520	4838907	1
2R	4840213	4841453	1
2R	4842251	4842493	1
2R	4843897	4844079	1
2R	4845190	4845369	1
2R	4845494	4845562	1
2R	4847230	4847406	1
2R	4848187	4848357	1
2R	4848404	4848930	1
2R	4849035	4849095	1
2R	4849870	4850058	1
2R	4850921	4851135	1
2R	4851141	4851196	1
2R	4852302	4852486	1
2R	4852873	4852943	1
2R	4853293	4853461	1
2R	4853599	4856016	1
2R	4856476	4856763	1
2R	4856924	4857215	1
2R	4857397	4857489	1
2R	4859429	4859603	1
2R	4859853	4860230	1
2R	4860256	4860421	1
2R	4860562	4860720	1
2R	4862107	4862320	1
2R	4862764	4863434	1
2R	4863451	4863521	1
2R	4865418	4865604	1
2R	4868739	4870751	1
2R	4871065	4872243	1
2R	4872324	4872591	1
2R	4872630	4872684	1
2R	4872773	4873218	1
2R	4873245	4881232	1
2R	4885811	4890266	1
2R	4890270	4890611	1
2R	4891955	4892253	1
2R	4892257	4892453	1
2R	4892728	4892863	1
2R	4892949	4893047	1
2R	4893145	4893246	1
2R	4893278	4894004	1
2R	4894047	4894179	1
2R	4894611	4894729	1
2R	4894737	4903880	1
2R	4903883	4909414	1
2R	4911161	4911402	1
2R	4912434	4912484	1
2R	4912641	4918234	1
2R	4918402	4918620	1
2R	4918769	4919077	1
2R	4919227	4919542	1
2R	4920237	4920415	1
2R	4920754	4920950	1
2R	4921537	4921719	1
2R	4921994	4922174	1
2R	4922482	4922657	1
2R	4922670	4922838	1
2R	4923145	4923310	1
2R	4923401	4924912	1
2R	4925737	4925994	1
2R	4928587	4928718	1
2R	4928719	4928770	1
2R	4929080	4930974	1
2R	4931056	4934165	1
2R	4934208	4934887	1
2R	4934920	4935129	1
2R	4935354	4935789	1
2R	4935886	4936126	1
2R	4936318	4936454	1
2R	4936693	4942012	1
2R	4942322	4942489	1
2R	4943011	4943197	1
2R	4943366	4943419	1
2R	4943754	4943926	1
2R	4944029	4944198	1
2R	4944402	4944570	1
2R	4945028	4945089	1
2R	4945296	4951449	1
2R	4951743	4952282	1
2R	4952532	4952743	1
2R	4952805	4953919	1
2R	4953998	4957300	1
2R	4957397	4957453	1
2R	4957814	4957932	1
2R	4958055	4958435	1
2R	4958461	4959008	1
2R	4959058	4961214	1
2R	4961229	4961281	1
2R	4961457	4961528	1
2R	4962401	4962584	1
2R	4963569	4981520	1
2R	4981543	4981607	1
2R	4981615	4981833	1
2R	4981842	4987395	1
2R	4987458	4987540	1
2R	4987633	4987814	1
2R	4987972	4988032	1
2R	4988248	4988413	1
2R	4988878	4988982	1
2R	4989064	4989245	1
2R	4989414	4989468	1
2R	4992769	4992946	1
2R	4993376	4993557	1
2R	4993767	4993863	1
2R	4994847	4997969	1
2R	4999236	5005383	1
2R	5006643	5010575	1
2R	5010687	5010737	1
2R	5010827	5010900	1
2R	5010901	5011265	1
2R	5011429	5011856	1
2R	5011860	5014766	1
2R	5015716	5030680	1
2R	5030988	5031194	1
2R	5031718	5031938	1
2R	5032107	5032161	1
2R	5032494	5032690	1
2R	5032794	5032970	1
2R	5033177	5033332	1
2R	5033791	5033852	1
2R	5034050	5034544	1
2R	5034572	5034930	1
2R	5035262	5035314	1
2R	5035363	5035417	1
2R	5035483	5037460	1
2R	5037539	5039184	1
2R	5039214	5040162	1
2R	5040163	5040773	1
2R	5040902	5044068	1
2R	5044329	5046089	1
2R	5046090	5046290	1
2R	5046343	5046524	1
2R	5048060	5048670	1
2R	5049032	5049197	1
2R	5056510	5056766	1
2R	5056896	5057186	1
2R	5057737	5057945	1
2R	5058388	5058438	1
2R	5059219	5059412	1
2R	5059694	5059759	1
2R	5060418	5060800	1
2R	5060801	5077378	1
2R	5077731	5099764	1
2R	5099773	5100310	1
2R	5100370	5100657	1
2R	5101083	5101230	1
2R	5101280	5101371	1
2R	5101421	5101478	1
2R	5101490	5103259	1
2R	5103338	5103577	1
2R	5103591	5103843	1
2R	5103873	5104209	1
2R	5104375	5105799	1
2R	5105912	5106243	1
2R	5106301	5107244	1
2R	5107536	5107843	1
2R	5107877	5107952	1
2R	5107961	5110113	1
2R	5110139	5115172	1
2R	5115568	5115734	1
2R	5115931	5127272	1
2R	5127322	5131455	1
2R	5131650	5131824	1
2R	5132225	5134587	1
2R	5134637	5136149	1
2R	5136242	5141638	1
2R	5141714	5141886	1
2R	5142003	5142179	1
2R	5142188	5142384	1
2R	5142452	5142516	1
2R	5142572	5142775	1
2R	5143294	5146263	1
2R	5146288	5146746	1
2R	5146792	5146876	1
2R	5146950	5147146	1
2R	5147179	5147395	1
2R	5147458	5158375	1
2R	5158380	5158936	1
2R	5158971	5159304	1
2R	5159333	5160519	1
2R	5160546	5162005	1
2R	5162039	5162137	1
2R	5162366	5162459	1
2R	5163011	5163100	1
2R	5167885	5168294	1
2R	5169434	5169570	1
2R	5169688	5202362	1
2R	5202762	5202929	1
2R	5203323	5206862	1
2R	5208053	5208254	1
2R	5208369	5208616	1
2R	5208627	5209099	1
2R	5209110	5215554	1
2R	5215647	5215713	1
2R	5215752	5215850	1
2R	5215898	5217748	1
2R	5222332	5222393	1
2R	5222715	5226668	1
2R	5226805	5227770	1
2R	5227855	5228113	1
2R	5228206	5228267	1
2R	5228449	5228508	1
2R	5231795	5231967	1
2R	5232675	5232901	1
2R	5233049	5233359	1
2R	5233431	5233801	1
2R	5234122	5234177	1
2R	5235224	5235491	1
2R	5236086	5236275	1
2R	5236482	5236873	1
2R	5236896	5239736	1
2R	5239745	5261107	1
2R	5262059	5269686	1
2R	5269839	5270085	1
2R	5270227	5270427	1
2R	5270662	5277201	1
2R	5277264	5277620	1
2R	5277825	5277997	1
2R	5278412	5278825	1
2R	5279250	5279576	1
2R	5279853	5280236	1
2R	5280670	5280760	1
2R	5280782	5280864	1
2R	5281223	5281416	1
2R	5281978	5282038	1
2R	5282049	5282822	1
2R	5283096	5283324	1
2R	5283393	5283673	1
2R	5283841	5284143	1
2R	5284338	5284684	1
2R	5285330	5285827	1
2R	5286064	5286229	1
2R	5286811	5286993	1
2R	5289354	5289565	1
2R	5290468	5290633	1
2R	5291198	5292071	1
2R	5292401	5296490	1
2R	5296493	5302301	1
2R	5302391	5302583	1
2R	5302783	5302890	1
2R	5302908	5306230	1
2R	5306273	5306465	1
2R	5306529	5309155	1
2R	5310250	5310656	1
2R	5310666	5311236	1
2R	5311295	5313204	1
2R	5314787	5315324	1
2R	5315525	5323522	1
2R	5323525	5330409	1
2R	5330443	5333164	1
2R	5333171	5334028	1
2R	5334039	5334273	1
2R	5334391	5334769	1
2R	5334854	5335065	1
2R	5335737	5335911	1
2R	5336583	5345179	1
2R	5346548	5346601	1
2R	5347662	5347833	1
2R	5348085	5348725	1
2R	5348786	5349258	1
2R	5349556	5349690	1
2R	5349997	5365995	1
2R	5366224	5367408	1
2R	5368469	5368647	1
2R	5371130	5371343	1
2R	5372312	5372379	1
2R	5372475	5372812	1
2R	5372832	5377712	1
2R	5377752	5378980	1
2R	5379453	5379648	1
2R	5379878	5380045	1
2R	5387572	5387651	1
2R	5394102	5400996	1
2R	5401028	5401710	1
2R	5402251	5402449	1
2R	5402728	5405977	1
2R	5406113	5406299	1
2R	5406694	5406845	1
2R	5409200	5409504	1
2R	5409919	5411073	1
2R	5411268	5411500	1
2R	5412165	5412247	1
2R	5412324	5412406	1
2R	5412420	5412486	1
2R	5412533	5418020	1
2R	5420447	5425397	1
2R	5425796	5425896	1
2R	5426134	5428093	1
2R	5428400	5428592	1
2R	5428619	5428809	1
2R	5428842	5429030	1
2R	5429275	5429466	1
2R	5429513	5429581	1
2R	5429595	5429699	1
2R	5429855	5430033	1
2R	5430206	5430346	1
2R	5430365	5430433	1
2R	5430948	5431090	1
2R	5431105	5431182	1
2R	5431186	5442655	1
2R	5444236	5444693	1
2R	5444894	5450136	1
2R	5450802	5469560	1
2R	5469563	5470012	1
2R	5470017	5480643	1
2R	5480647	5481719	1
2R	5481860	5481924	1
2R	5481948	5482901	1
2R	5482905	5486798	1
2R	5486847	5501892	1
2R	5502013	5502243	1
2R	5502254	5502441	1
2R	5502454	5521170	1
2R	5521239	5530849	1
2R	5530930	5532341	1
2R	5532718	5532808	1
2R	5533537	5533750	1
2R	5533861	5535218	1
2R	5535852	5536202	1
2R	5536229	5536293	1
2R	5536391	5536682	1
2R	5536754	5536955	1
2R	5537245	5543227	1
2R	5547090	5551090	1
2R	5551214	5551896	1
2R	5551970	5552782	1
2R	5554486	5555329	1
2R	5571871	5571956	1
2R	5571983	5572326	1
2R	5572528	5572643	1
2R	5577324	5577495	1
2R	5577634	5578961	1
2R	5580323	5580604	1
2R	5580667	5580871	1
2R	5580879	5582257	1
2R	5582262	5582338	1
2R	5582348	5582500	1
2R	5582802	5583584	1
2R	5596882	5597265	1
2R	5597764	5600903	1
2R	5601189	5601363	1
2R	5601398	5605702	1
2R	5605769	5605965	1
2R	5606210	5617538	1
2R	5617776	5618121	1
2R	5618459	5618695	1
2R	5619683	5619883	1
2R	5620007	5620204	1
2R	5620480	5620533	1
2R	5620591	5621546	1
2R	5621609	5621808	1
2R	5621829	5622106	1
2R	5627415	5628258	1
2R	5628583	5629028	1
2R	5629038	5629431	1
2R	5629562	5629950	1
2R	5630140	5630327	1
2R	5631871	5631932	1
2R	5632315	5637132	1
2R	5637173	5637231	1
2R	5637369	5675824	1
2R	5675834	5735374	1
2R	5735448	5735715	1
2R	5735961	5869312	1
2R	5874169	5902185	1
2R	5909536	5951584	1
2R	5951588	5951771	1
2R	5951833	6096763	1
2R	6101718	6163237	1
2R	6163306	6163645	1
2R	6163749	6256920	1
2R	6256925	6258173	1
2R	6258189	6258393	1
2R	6258514	6258707	1
2R	6258711	6259116	1
2R	6259310	6259492	1
2R	6259836	6260094	1
2R	6260163	6260641	1
2R	6260643	6260699	1
2R	6260702	6261966	1
2R	6262817	6262985	1
2R	6266262	6267297	1
2R	6267745	6268730	1
2R	6268894	6269611	1
2R	6269670	6269918	1
2R	6270479	6270665	1
2R	6270810	6270973	1
2R	6271216	6271389	1
2R	6271640	6271841	1
2R	6272099	6272262	1
2R	6272444	6272590	1
2R	6273721	6274096	1
2R	6277819	6277910	1
2R	6278298	6278464	1
2R	6278760	6278930	1
2R	6279862	6280368	1
2R	6280422	6280607	1
2R	6280830	6281013	1
2R	6281167	6281252	1
2R	6281748	6281896	1
2R	6282032	6282432	1
2R	6283603	6283788	1
2R	6286530	6286683	1
2R	6286693	6286919	1
2R	6287096	6287175	1
2R	6287176	6287257	1
2R	6287339	6287850	1
2R	6287860	6287916	1
2R	6288459	6289859	1
2R	6290094	6290221	1
2R	6290249	6290549	1
2R	6290661	6290907	1
2R	6290947	6291313	1
2R	6291380	6292084	1
2R	6292085	6292479	1
2R	6292510	6292650	1
2R	6292885	6293070	1
2R	6293410	6293829	1
2R	6293848	6293916	1
2R	6293971	6294203	1
2R	6294302	6294587	1
2R	6294592	6294759	1
2R	6294837	6295044	1
2R	6295235	6295355	1
2R	6295362	6295549	1
2R	6296331	6296387	1
2R	6296469	6296725	1
2R	6298260	6298436	1
2R	6299470	6299644	1
2R	6302874	6302928	1
2R	6303652	6303945	1
2R	6304010	6304234	1
2R	6304283	6304336	1
2R	6306473	6306755	1
2R	6306942	6307135	1
2R	6308189	6308365	1
2R	6311858	6311938	1
2R	6311976	6312170	1
2R	6312283	6312460	1
2R	6317002	6317173	1
2R	6317202	6317384	1
2R	6317625	6317816	1
2R	6318805	6319008	1
2R	6320500	6320688	1
2R	6320738	6320929	1
2R	6321151	6321236	1
2R	6321260	6321472	1
2R	6321730	6323401	1
2R	6323460	6323513	1
2R	6323522	6323579	1
2R	6324120	6325027	1
2R	6325037	6327108	1
2R	6327109	6327192	1
2R	6327230	6328294	1
2R	6328383	6328514	1
2R	6329115	6329188	1
2R	6329500	6329554	1
2R	6329572	6329693	1
2R	6329718	6329975	1
2R	6330028	6330300	1
2R	6337511	6337690	1
2R	6337924	6338971	1
2R	6339094	6339291	1
2R	6339520	6342282	1
2R	6346765	6346930	1
2R	6351433	6351582	1
2R	6355005	6355064	1
2R	6370182	6370352	1
2R	6379631	6379941	1
2R	6381714	6381764	1
2R	6381776	6381826	1
2R	6382139	6382312	1
2R	6383970	6384139	1
2R	6386578	6386752	1
2R	6388960	6389055	1
2R	6389683	6389772	1
2R	6391279	6391449	1
2R	6392208	6392398	1
2R	6392711	6392867	1
2R	6397911	6398075	1
2R	6402447	6402607	1
2R	6403637	6403779	1
2R	6415148	6415311	1
2R	6416473	6417194	1
2R	6417773	6417908	1
2R	6418032	6418174	1
2R	6418218	6418286	1
2R	6418287	6418564	1
2R	6418681	6418749	1
2R	6418794	6418993	1
2R	6419391	6419477	1
2R	6419631	6419810	1
2R	6419824	6419880	1
2R	6420162	6420323	1
2R	6421991	6422168	1
2R	6422587	6422762	1
2R	6425617	6425801	1
2R	6426142	6426313	1
2R	6426981	6427159	1
2R	6427312	6427625	1
2R	6427770	6428075	1
2R	6428574	6428756	1
2R	6428842	6428900	1
2R	6429860	6429929	1
2R	6430331	6430470	1
2R	6433118	6433358	1
2R	6435462	6435633	1
2R	6435917	6436098	1
2R	6436129	6436526	1
2R	6436536	6436733	1
2R	6436786	6436976	1
2R	6437308	6437496	1
2R	6437709	6437927	1
2R	6438151	6438604	1
2R	6439028	6439214	1
2R	6440323	6440492	1
2R	6440532	6440704	1
2R	6441925	6442106	1
2R	6442269	6442326	1
2R	6443010	6443081	1
2R	6443645	6443831	1
2R	6444361	6444504	1
2R	6444659	6444846	1
2R	6445397	6445471	1
2R	6446907	6447082	1
2R	6447382	6447573	1
2R	6447977	6448147	1
2R	6448581	6449022	1
2R	6449027	6450665	1
2R	6450708	6450895	1
2R	6451847	6451906	1
2R	6455868	6456027	1
2R	6456110	6456296	1
2R	6456713	6456929	1
2R	6457350	6457537	1
2R	6457812	6457933	1
2R	6458661	6458848	1
2R	6459059	6459154	1
2R	6459424	6459604	1
2R	6459726	6459915	1
2R	6459957	6460377	1
2R	6460418	6460853	1
2R	6460905	6461031	1
2R	6461130	6461344	1
2R	6461758	6463099	1
2R	6463143	6463446	1
2R	6463451	6464602	1
2R	6464607	6464669	1
2R	6464744	6465767	1
2R	6465769	6465901	1
2R	6465994	6467173	1
2R	6467313	6467398	1
2R	6467423	6468277	1
2R	6468280	6468479	1
2R	6468704	6468761	1
2R	6468869	6469285	1
2R	6469319	6469730	1
2R	6470262	6470573	1
2R	6470632	6470803	1
2R	6476114	6476285	1
2R	6476620	6476823	1
2R	6477620	6477812	1
2R	6478768	6478942	1
2R	6479494	6479703	1
2R	6480046	6480260	1
2R	6480281	6480342	1
2R	6480499	6480699	1
2R	6480705	6480767	1
2R	6480823	6481025	1
2R	6481229	6481376	1
2R	6481382	6481449	1
2R	6481455	6481971	1
2R	6481983	6483404	1
2R	6483412	6483791	1
2R	6484304	6484580	1
2R	6485724	6485905	1
2R	6486495	6488830	1
2R	6490718	6490925	1
2R	6490974	6491440	1
2R	6491558	6494562	1
2R	6499100	6579806	1
2R	6584680	6622263	1
2R	6622442	6664213	1
2R	6665782	6754174	1
2R	6754218	6755213	1
2R	6755263	6952186	1
2R	6959648	6989130	1
2R	6989200	6989665	1
2R	6989812	6995206	1
2R	7001331	7001495	1
2R	7007620	7139965	1
2R	7141218	7196612	1
2R	7201145	7209879	1
2R	7217406	7235855	1
2R	7240711	7262220	1
2R	7269074	7434929	1
2R	7439005	7608445	1
2R	7613421	7660486	1
2R	7661046	7661218	1
2R	7661780	7815702	1
2R	7821961	7826724	1
2R	7829663	7829834	1
2R	7832773	7862288	1
2R	7867168	7869188	1
2R	7873783	8015687	1
2R	8017484	8107037	1
2R	8113390	8330910	1
2R	8331165	8398245	1
2R	8402802	8416489	1
2R	8416814	8430741	1
2R	8430813	8434087	1
2R	8434159	8461632	1
2R	8461644	8490594	1
2R	8492104	8566084	1
2R	8566720	8709688	1
2R	8710132	8713400	1
2R	8713846	8722805	1
2R	8722823	8777945	1
2R	8783921	9151331	1
2R	9157597	9212742	1
2R	9212996	9352265	1
2R	9360794	9360939	1
2R	9361175	9480123	1
2R	9480390	9480442	1
2R	9481559	9481741	1
2R	9482983	9483160	1
2R	9484752	9484945	1
2R	9490428	9726636	1
2R	9733986	9870091	1
2R	9870122	9871090	1
2R	9871341	10005887	1
2R	10006832	10176930	1
2R	10185866	10418771	1
2R	10419462	10423696	1
2R	10423891	10424326	1
2R	10425317	10426823	1
2R	10427829	10428283	1
2R	10428471	10585591	1
2R	10593960	10622400	1
2R	10626999	10627179	1
2R	10629595	10629767	1
2R	10636933	10642341	1
2R	10642480	10642731	1
2R	10642746	10659248	1
2R	10660654	10660727	1
2R	10666473	10821803	1
2R	10822025	10948059	1
2R	10950525	10950713	1
2R	10955400	10979701	1
2R	10979760	10979812	1
2R	10979953	11009851	1
2R	11018807	11019953	1
2R	11024753	11119947	1
2R	11123536	11123718	1
2R	11127300	11134148	1
2R	11134172	11297649	1
2R	11300156	11300319	1
2R	11301758	11344331	1
2R	11344435	11344830	1
2R	11344863	11346937	1
2R	11347613	11347807	1
2R	11352117	11352315	1
2R	11352719	11352889	1
2R	11355913	11387350	1
2R	11387448	11415552	1
2R	11416988	11417237	1
2R	11418568	11472681	1
2R	11473666	11673967	1
2R	11673989	11677445	1
2R	11677467	11714236	1
2R	11714246	12317893	1
2R	12317947	12318748	1
2R	12318783	12318971	1
2R	12318998	12481174	1
2R	12482297	12482480	1
2R	12482754	12501738	1
2R	12503657	12508175	1
2R	12508179	12508440	1
2R	12510000	12511975	1
2R	12511981	12512229	1
2R	12513789	12616525	1
2R	12616750	12623886	1
2R	12624111	12707555	1
2R	12715699	12789345	1
2R	12797473	12819483	1
2R	12824325	12827299	1
2R	12827364	12827539	1
2R	12827603	12850546	1
2R	12852373	12852458	1
2R	12853958	12854137	1
2R	12854585	12854778	1
2R	12855332	12856202	1
2R	12856565	12856754	1
2R	12856796	12856982	1
2R	12857010	12857197	1
2R	12859034	12859116	1
2R	12860620	12860806	1
2R	12861255	12861446	1
2R	12861999	12862313	1
2R	12867371	12867670	1
2R	12868036	12868238	1
2R	12868281	12868464	1
2R	12868492	13064595	1
2R	13064822	13064934	1
2R	13065822	13066010	1
2R	13067021	13068377	1
2R	13069931	13070122	1
2R	13071062	13071259	1
2R	13073334	13073584	1
2R	13074052	13084883	1
2R	13085930	13086096	1
2R	13086791	13100196	1
2R	13100884	13101053	1
2R	13102106	13109967	1
2R	13110437	13110679	1
2R	13112761	13112957	1
2R	13113905	13114093	1
2R	13115646	13116399	1
2R	13117419	13117629	1
2R	13118507	13118619	1
2R	13118833	13136877	1
2R	13141293	13141438	1
2R	13141439	13405854	1
2R	13409697	13409757	1
2R	13409816	13409911	1
2R	13410406	13410581	1
2R	13414424	13414484	1
2R	13414542	13414637	1
2R	13415129	13580551	1
2R	13580662	13728158	1
2R	13728939	13729119	1
2R	13729372	13729506	1
2R	13735696	13905647	1
2R	13907384	14093483	1
2R	14095596	14095793	1
2R	14101591	14101765	1
2R	14107466	14107602	1
2R	14107932	14108093	1
2R	14108602	14108780	1
2R	14109403	14188952	1
2R	14195345	14265693	1
2R	14265764	14358547	1
2R	14359714	14360419	1
2R	14361582	14394236	1
2R	14395357	14395551	1
2R	14398830	14467338	1
2R	14476262	14497430	1
2R	14498369	14747537	1
2R	14747908	14749392	1
2R	14749763	14874223	1
2R	14874235	14876107	1
2R	14876119	14879865	1
2R	14880053	14885405	1
2R	14885592	14889248	1
2R	14897628	14952533	1
2R	14952911	15004776	1
2R	15004852	15015495	1
2R	15022682	15085026	1
2R	15091849	15119353	1
2R	15127616	15227327	1
2R	15227681	15227877	1
2R	15229507	15230379	1
2R	15230555	15230756	1
2R	15230933	15255314	1
2R	15255318	15260508	1
2R	15260512	15340722	1
2R	15349093	15372585	1
2R	15372614	15372801	1
2R	15373040	15375153	1
2R	15375241	15375900	1
2R	15375986	15970001	1
2R	15974547	15975541	1
2R	15975817	15975927	1
2R	15977087	16061750	1
2R	16064181	16298213	1
2R	16298320	16539688	1
2R	16543369	16543555	1
2R	16544662	17118759	1
2R	17120079	17124791	1
2R	17126111	17143480	1
2R	17143863	17145276	1
2R	17145660	17147286	1
2R	17147590	17147785	1
2R	17152081	17176389	1
2R	17182361	17236560	1
2R	17239579	17239771	1
2R	17241519	17277261	1
2R	17277436	17446180	1
2R	17447001	17449972	1
2R	17450794	17485959	1
2R	17490479	17782390	1
2R	17783386	17784065	1
2R	17784087	17798419	1
2R	17798711	18021016	1
2R	18021307	18021357	1
2R	18021364	18021573	1
2R	18021844	18045725	1
2R	18045822	18050418	1
2R	18050781	18079380	1
2R	18084695	18111735	1
2R	18115350	18358448	1
2R	18361954	18362131	1
2R	18371066	18371229	1
2R	18372411	18487872	1
2R	18495092	18575831	1
2R	18581800	18590916	1
2R	18591807	18592003	1
2R	18599835	18813651	1
2R	18813675	18813845	1
2R	18813870	18858272	1
2R	18858402	18858654	1
2R	18858664	18858737	1
2R	18859842	19284620	1
2R	19285135	19287860	1
2R	19288382	19606615	1
2R	19610976	19611148	1
2R	19615513	19715904	1
2R	19722560	19722645	1
2R	19723141	19729547	1
2R	19731961	19732119	1
2R	19742846	19742940	1
2R	19759315	19759598	1
2R	19762285	19762479	1
2R	19764704	19765091	1
2R	19766202	19776637	1
2R	19779732	19914882	1
2R	19916731	19916922	1
2R	19922077	19957477	1
2R	19962449	20069191	1
2R	20069581	20069667	1
2R	20070351	20070536	1
2R	20071682	20368561	1
2R	20369283	20369456	1
2R	20377486	20544473	1
2R	20545263	20694542	1
2R	20694584	20694887	1
2R	20694928	20739501	1
2R	20744024	20780540	1
2R	20782454	20783348	1
2R	20787869	20945220	1
2R	20945252	21151154	1
2R	21152237	21152469	1
2R	21153653	21738326	1
2R	21739257	21739310	1
2R	21747240	21753122	1
2R	21753385	21809574	1
2R	21816326	21816521	1
2R	21817578	22153923	1
2R	22154020	22349731	1
2R	22351284	22360437	1
2R	22360618	22525797	1
2R	22529113	22580446	1
2R	22586393	22594554	1
2R	22594599	22594779	1
2R	22594801	22595164	1
2R	22595628	22595682	1
2R	22595703	22650439	1
2R	22650484	22650679	1
2R	22650701	22651065	1
2R	22651528	22651582	1
2R	22651603	22775021	1
2R	22775184	22833884	1
2R	22833915	22834939	1
2R	22835049	22835950	1
2R	22835981	22837669	1
2R	22837779	22843065	1
2R	22843280	22843445	1
2R	22844575	22844704	1
2R	22844809	22958806	1
2R	22963701	23285981	1
2R	23286057	23286299	1
2R	23286357	23402647	1
2R	23407505	23529607	1
2R	23536964	23748814	1
2R	23749776	23750557	1
2R	23751512	23877769	1
2R	23878003	23914335	1
2R	23921737	24147103	1
2R	24148170	24148362	1
2R	24154463	24177274	1
2R	24184538	24234373	1
2R	24234831	24235070	1
2R	24235455	24235655	1
2R	24235834	24270576	1
2R	24270639	24353477	1
2R	24361604	24647624	1
2R	24654959	24701541	1
2R	24701697	24701859	1
2R	24702016	24727935	1
2R	24735209	24763652	1
2R	24765403	25089854	1
2R	25090066	25090454	1
2R	25090494	25090676	1
2R	25090686	25141699	1
2R	25142021	25142127	1
2R	25145961	25146090	1
2R	25146091	25146155	1
2R	25148494	25148681	1
2R	25150598	25150781	1
2R	25157673	25157861	1
2R	25159149	25178486	1
2R	25178492	25193881	1
2R	25193946	25194123	1
2R	25194190	25201649	1
2R	25201691	25201886	1
2R	25201929	25258059	1
2R	25258333	25258521	1
2R	25261360	25261536	1
2R	25262306	25262485	1
2R	25264854	25265020	1
2R	25267867	25267951	1
2R	25268068	25268171	1
2R	25268404	25268618	1
2R	25268760	25268926	1
2R	25274718	25274771	1
2R	25274963	25275133	1
2R	25280814	25280982	1
2R	25281548	25281614	1
2R	25281652	25281740	1
2R	25281769	25281828	1
2R	25285342	25286078	1
