3L	18577	18751	1
3L	19629	27629	1
3L	28623	36946	1
3L	36959	37157	1
3L	37170	38451	1
3L	38667	38843	1
3L	39057	101299	1
3L	101316	101371	1
3L	103306	110261	1
3L	119197	402732	1
3L	409564	500173	1
3L	500191	501008	1
3L	501025	789964	1
3L	790216	858030	1
3L	866300	925225	1
3L	931762	931936	1
3L	932418	939818	1
3L	940688	1002605	1
3L	1002803	1047391	1
3L	1054979	1154176	1
3L	1163098	1207389	1
3L	1207641	1210740	1
3L	1210979	1212947	1
3L	1213200	1219628	1
3L	1227143	1245243	1
3L	1246066	1246235	1
3L	1247060	1397680	1
3L	1398296	1424815	1
3L	1429826	1485741	1
3L	1486555	1486641	1
3L	1486676	1490394	1
3L	1490412	1490462	1
3L	1490832	1506026	1
3L	1513420	1657518	1
3L	1657522	1740883	1
3L	1740917	2063490	1
3L	2069532	2108300	1
3L	2113272	2447553	1
3L	2456476	2751522	1
3L	2755535	2927886	1
3L	2935934	2966771	1
3L	2973956	3040352	1
3L	3041941	3061315	1
3L	3069684	3188676	1
3L	3188898	3281438	1
3L	3281780	3475131	1
3L	3475324	3601348	1
3L	3606425	3833778	1
3L	3833800	3899473	1
3L	3901560	4328769	1
3L	4336045	4361031	1
3L	4362651	4449245	1
3L	4450829	4450999	1
3L	4456518	4465472	1
3L	4465542	4465615	1
3L	4465659	4465772	1
3L	4465842	4465954	1
3L	4465998	4485570	1
3L	4485592	4485715	1
3L	4485736	4773689	1
3L	4774196	4849878	1
3L	4851925	4897208	1
3L	4897463	4897886	1
3L	4897893	4901167	1
3L	4907134	5034209	1
3L	5043124	5045506	1
3L	5050078	5104521	1
3L	5115175	5115344	1
3L	5119064	5119229	1
3L	5121873	5122047	1
3L	5124439	5299176	1
3L	5306395	5417640	1
3L	5418593	5418784	1
3L	5420191	5420255	1
3L	5420292	5420368	1
3L	5420941	5421133	1
3L	5421553	5421663	1
3L	5422450	5453065	1
3L	5453911	5453998	1
3L	5454383	5454631	1
3L	5455227	5455281	1
3L	5455324	5455377	1
3L	5456791	5456968	1
3L	5457913	5458100	1
3L	5466476	5537767	1
3L	5537861	5910074	1
3L	5910095	6001779	1
3L	6001971	6002157	1
3L	6004183	6040366	1
3L	6042522	6130525	1
3L	6130791	6133128	1
3L	6133404	6134820	1
3L	6135085	6146038	1
3L	6148033	6148349	1
3L	6148410	6148914	1
3L	6150905	6151358	1
3L	6151418	6220965	1
3L	6229883	6335031	1
3L	6335286	6405709	1
3L	6415189	6415281	1
3L	6420695	6420889	1
3L	6422712	6422788	1
3L	6431924	6620614	1
3L	6620805	6781131	1
3L	6782929	6855973	1
3L	6860522	6887554	1
3L	6888421	6888568	1
3L	6893836	6894030	1
3L	6894823	6994927	1
3L	6995301	7324036	1
3L	7324326	7377337	1
3L	7380246	7498803	1
3L	7503346	7668922	1
3L	7669424	7669591	1
3L	7675625	7675822	1
3L	7684460	7684673	1
3L	7691347	7691400	1
3L	7691476	7793756	1
3L	7800589	7886562	1
3L	7887074	7887258	1
3L	7888850	7916879	1
3L	7917971	7918163	1
3L	7925801	7985403	1
3L	7986632	7986805	1
3L	7986905	7986972	1
3L	7987509	8019742	1
3L	8022691	8022881	1
3L	8023928	8233597	1
3L	8238616	8391878	1
3L	8391914	8393070	1
3L	8393107	8481822	1
3L	8490748	8498336	1
3L	8505567	8618054	1
3L	8618152	8620752	1
3L	8620851	8791310	1
3L	8795587	8795756	1
3L	8796507	9076961	1
3L	9084301	9130590	1
3L	9130958	9131024	1
3L	9134121	9164752	1
3L	9165983	9219298	1
3L	9219710	9270668	1
3L	9278188	9384916	1
3L	9385930	9386099	1
3L	9387110	9392514	1
3L	9395138	9443543	1
3L	9445119	9501749	1
3L	9502004	9526523	1
3L	9528031	9533787	1
3L	9541128	9571949	1
3L	9572048	9575969	1
3L	9580801	9656835	1
3L	9656847	9657035	1
3L	9657046	9798139	1
3L	9798478	9929714	1
3L	9930801	9930975	1
3L	9938264	10060133	1
3L	10067515	10414983	1
3L	10417108	10890209	1
3L	10890411	10892009	1
3L	10892211	11087088	1
3L	11088673	11105338	1
3L	11106822	11131971	1
3L	11132048	11135075	1
3L	11135158	11264494	1
3L	11265077	11265254	1
3L	11266291	11266465	1
3L	11271240	11277497	1
3L	11278261	11292797	1
3L	11292895	11293066	1
3L	11293167	11329741	1
3L	11332706	11499087	1
3L	11508037	11508684	1
3L	11508704	11510317	1
3L	11510396	11512720	1
3L	11512886	11564815	1
3L	11572221	11577162	1
3L	11577245	11578283	1
3L	11578364	11581843	1
3L	11581922	11589611	1
3L	11589802	11590915	1
3L	11591109	11611441	1
3L	11611861	11613013	1
3L	11619524	11723159	1
3L	11727691	11768797	1
3L	11769023	11769105	1
3L	11769437	11769487	1
3L	11770701	11864586	1
3L	11864914	11865081	1
3L	11865667	11950311	1
3L	11951438	11961564	1
3L	11961600	11961701	1
3L	11961734	11962864	1
3L	11963375	11963477	1
3L	11963725	11963888	1
3L	11964038	11968363	1
3L	11972387	12874983	1
3L	12877028	12919315	1
3L	12924552	12957822	1
3L	12959686	12959886	1
3L	12962083	13292077	1
3L	13292161	13525193	1
3L	13525605	13525798	1
3L	13531522	13531718	1
3L	13532771	13574663	1
3L	13579899	13718079	1
3L	13718136	13804578	1
3L	13811036	13811229	1
3L	13820158	13820351	1
3L	13822643	13937600	1
3L	13937745	13937916	1
3L	13938059	14267431	1
3L	14270431	14270531	1
3L	14271610	14296020	1
3L	14296281	14312064	1
3L	14316649	14468495	1
3L	14473469	14496513	1
3L	14496634	14524358	1
3L	14528894	14721235	1
3L	14722599	14722681	1
3L	14722682	14722758	1
3L	14722839	14725651	1
3L	14727923	14728090	1
3L	14728431	14825160	1
3L	14832671	14943717	1
3L	14944166	14945494	1
3L	14945942	14954404	1
3L	14955852	14970819	1
3L	14970867	15085099	1
3L	15086038	15295802	1
3L	15297046	15297259	1
3L	15298425	15423793	1
3L	15425273	15425463	1
3L	15426508	15554953	1
3L	15555005	15555143	1
3L	15556455	15556509	1
3L	15556527	15556988	1
3L	15557576	15803435	1
3L	15805315	15805486	1
3L	15807367	15899283	1
3L	15899571	15929230	1
3L	15938164	16184149	1
3L	16188732	16319089	1
3L	16319197	16319984	1
3L	16320087	16443894	1
3L	16446002	16494020	1
3L	16494291	16523306	1
3L	16528275	16573403	1
3L	16573594	16573764	1
3L	16573955	16576989	1
3L	16577022	16593382	1
3L	16593690	16593893	1
3L	16594688	16595991	1
3L	16596462	16596665	1
3L	16600896	16601077	1
3L	16601389	16601560	1
3L	16602355	16603685	1
3L	16604149	16604352	1
3L	16608588	16616553	1
3L	16620787	16620976	1
3L	16621662	16684069	1
3L	16684160	16684263	1
3L	16684718	16684865	1
3L	16689050	16945777	1
3L	16954695	17085051	1
3L	17093967	17384326	1
3L	17384810	17385100	1
3L	17385436	17517017	1
3L	17523033	17523221	1
3L	17524353	17698308	1
3L	17698657	17730888	1
3L	17731339	17731497	1
3L	17736865	17737044	1
3L	17737584	17737779	1
3L	17737984	17799845	1
3L	17801412	17833269	1
3L	17833484	17834814	1
3L	17835030	17858255	1
3L	17858610	17858792	1
3L	17860015	17860686	1
3L	17860721	17860894	1
3L	17860925	17860998	1
3L	17861085	17861733	1
3L	17863289	17863840	1
3L	17868407	17868553	1
3L	17869052	17869269	1
3L	17870218	17871239	1
3L	17872786	17874481	1
3L	17876236	17876960	1
3L	17877141	17918321	1
3L	17919613	17919775	1
3L	17920226	17920419	1
3L	17920999	17989628	1
3L	17989715	18047757	1
3L	18048311	18048370	1
3L	18056581	18189761	1
3L	18190010	18469043	1
3L	18469642	18469837	1
3L	18469857	18470046	1
3L	18470126	18471814	1
3L	18472408	18506184	1
3L	18509411	18514951	1
3L	18519905	18528681	1
3L	18537184	18537261	1
3L	18537607	18588805	1
3L	18589978	18590710	1
3L	18590775	18590850	1
3L	18590865	18590940	1
3L	18591178	18592288	1
3L	18593461	18594006	1
3L	18594974	18595034	1
3L	18595469	18595535	1
3L	18595536	18595618	1
3L	18595770	18710796	1
3L	18718527	18772457	1
3L	18773514	18773709	1
3L	18779864	18780015	1
3L	18780292	18780353	1
3L	18780894	18833817	1
3L	18834747	19008897	1
3L	19008992	19117082	1
3L	19123551	19123742	1
3L	19124306	19208067	1
3L	19209231	19398947	1
3L	19403465	19423259	1
3L	19423452	19423579	1
3L	19423614	19423756	1
3L	19424076	19466689	1
3L	19467041	19467264	1
3L	19467546	19468576	1
3L	19468590	19469360	1
3L	19469736	19469858	1
3L	19469988	19470089	1
3L	19470136	19470283	1
3L	19470429	19470516	1
3L	19470538	19470762	1
3L	19470937	19471625	1
3L	19472700	19475149	1
3L	19476217	19476693	1
3L	19476715	19477787	1
3L	19477965	19478282	1
3L	19478610	19487221	1
3L	19487496	19488257	1
3L	19488314	19505334	1
3L	19507021	19507191	1
3L	19508879	19708470	1
3L	19775893	19803436	1
3L	19803611	19820323	1
3L	19827665	19848551	1
3L	19856511	19856567	1
3L	19857509	19861858	1
3L	19863428	19864849	1
3L	19864945	19864996	1
3L	19865121	19865249	1
3L	19865479	19865569	1
3L	19865615	19865682	1
3L	19865689	19986527	1
3L	19986929	20040571	1
3L	20040710	20113697	1
3L	20122731	20212638	1
3L	20218002	20257365	1
3L	20257969	20258138	1
3L	20258275	20320785	1
3L	20320792	20321111	1
3L	20321636	20321686	1
3L	20321698	20321841	1
3L	20321887	20322114	1
3L	20322166	20322495	1
3L	20323011	20327742	1
3L	20328453	20328661	1
3L	20328679	20328733	1
3L	20330007	20330209	1
3L	20331781	20331975	1
3L	20332076	20332284	1
3L	20333058	20333131	1
3L	20333438	20333631	1
3L	20334230	20334414	1
3L	20334599	20334803	1
3L	20334875	20335048	1
3L	20335332	20335506	1
3L	20336437	20336625	1
3L	20336738	20336923	1
3L	20337031	20337209	1
3L	20337829	20337912	1
3L	20338737	20338793	1
3L	20339386	20339660	1
3L	20340712	20341034	1
3L	20341248	20341333	1
3L	20341494	20342472	1
3L	20342479	20342970	1
3L	20343495	20343545	1
3L	20343557	20343700	1
3L	20343747	20343973	1
3L	20344025	20346726	1
3L	20347244	20476787	1
3L	20484168	20499690	1
3L	20500214	20500609	1
3L	20500781	20500990	1
3L	20501025	20504004	1
3L	20504528	20504924	1
3L	20505095	20505304	1
3L	20505338	20590097	1
3L	20590415	20753578	1
3L	20754974	20817343	1
3L	20817361	20821316	1
3L	20821981	20822142	1
3L	20822823	20823703	1
3L	20824558	21014938	1
3L	21023220	21151901	1
3L	21156761	21243781	1
3L	21251120	21306197	1
3L	21313579	21313775	1
3L	21315121	21361764	1
3L	21362494	21365866	1
3L	21371085	21372746	1
3L	21379056	21485210	1
3L	21485587	21485775	1
3L	21486179	21486492	1
3L	21486617	21486897	1
3L	21487770	21487960	1
3L	21488386	21488470	1
3L	21488656	21498878	1
3L	21499174	21499353	1
3L	21500286	21637627	1
3L	21637717	21749440	1
3L	21754014	21754162	1
3L	21754272	21812303	1
3L	21812304	21881237	1
3L	21881273	21952866	1
3L	21952931	21956958	1
3L	21959254	21959421	1
3L	21961713	22086061	1
3L	22086123	22099717	1
3L	22105675	22532304	1
3L	22532526	22532722	1
3L	22532741	22533126	1
3L	22533156	22533502	1
3L	22533636	22555820	1
3L	22563056	22577674	1
3L	22582244	22617232	1
3L	22624042	22624203	1
3L	22624443	22641445	1
3L	22641657	22658251	1
3L	22658513	22692135	1
3L	22693615	22695946	1
3L	22697413	22720498	1
3L	22720705	22720899	1
3L	22720906	22743563	1
3L	22744461	22751257	1
3L	22751419	22761428	1
3L	22766634	22803729	1
3L	22811280	22811373	1
3L	22811718	22812230	1
3L	22819471	22866024	1
3L	22866922	22933322	1
3L	22933506	22939045	1
3L	22939099	22989884	1
3L	22994901	22995082	1
3L	22996657	23017488	1
3L	23017638	23027793	1
3L	23027939	23042260	1
3L	23046589	23046752	1
3L	23047352	23047523	1
3L	23048787	23050022	1
3L	23050026	23050669	1
3L	23051087	23051164	1
3L	23052004	23052068	1
3L	23052123	23052391	1
3L	23052585	23052846	1
3L	23053028	23057417	1
3L	23058098	23058279	1
3L	23058346	23058570	1
3L	23058622	23058973	1
3L	23058991	23059477	1
3L	23059516	23060120	1
3L	23060121	23061247	1
3L	23061277	23061565	1
3L	23062484	23062716	1
3L	23062720	23065330	1
3L	23065804	23065968	1
3L	23066238	23067726	1
3L	23067729	23072408	1
3L	23072637	23072959	1
3L	23074349	23074491	1
3L	23074494	23074549	1
3L	23074788	23074970	1
3L	23075565	23076016	1
3L	23078387	23078480	1
3L	23079424	23080904	1
3L	23080910	23083660	1
3L	23083796	23083982	1
3L	23084464	23089314	1
3L	23089642	23090017	1
3L	23090335	23097915	1
3L	23097943	23098019	1
3L	23099224	23106260	1
3L	23106268	23106749	1
3L	23106853	23107404	1
3L	23107798	23108007	1
3L	23108900	23109106	1
3L	23109118	23112552	1
3L	23117526	23117701	1
3L	23117752	23118954	1
3L	23118981	23119281	1
3L	23119386	23119583	1
3L	23120032	23120085	1
3L	23122260	23129770	1
3L	23135643	23135693	1
3L	23135815	23135870	1
3L	23142366	23142915	1
3L	23143057	23143107	1
3L	23143114	23146536	1
3L	23146718	23146813	1
3L	23146933	23151080	1
3L	23151281	23151448	1
3L	23153489	23153660	1
3L	23153679	23157166	1
3L	23164395	23165935	1
3L	23173183	23175753	1
3L	23175841	23176762	1
3L	23176916	23177124	1
3L	23177155	23177614	1
3L	23177946	23178713	1
3L	23178760	23179214	1
3L	23180351	23180640	1
3L	23181415	23181471	1
3L	23181474	23186832	1
3L	23190000	23190171	1
3L	23196309	23196485	1
3L	23197882	23199016	1
3L	23200490	23200981	1
3L	23200998	23201198	1
3L	23201558	23201756	1
3L	23202052	23202252	1
3L	23202569	23202739	1
3L	23203262	23203330	1
3L	23203944	23204062	1
3L	23204063	23208419	1
3L	23208428	23210048	1
3L	23210273	23211234	1
3L	23211239	23211301	1
3L	23211347	23211545	1
3L	23211638	23211870	1
3L	23212024	23212160	1
3L	23212333	23219952	1
3L	23220047	23220259	1
3L	23220483	23220802	1
3L	23220857	23221382	1
3L	23223420	23223600	1
3L	23224078	23235622	1
3L	23235782	23241915	1
3L	23241931	23242019	1
3L	23242028	23242078	1
3L	23242845	23261053	1
3L	23261133	23267004	1
3L	23267031	23267263	1
3L	23267332	23268899	1
3L	23268977	23271738	1
3L	23272099	23272263	1
3L	23272533	23272597	1
3L	23273229	23273421	1
3L	23276636	23290566	1
3L	23295126	23296516	1
3L	23296746	23296942	1
3L	23297173	23299879	1
3L	23299967	23301856	1
3L	23301962	23302265	1
3L	23302845	23303026	1
3L	23303058	23303244	1
3L	23303432	23303611	1
3L	23304084	23304160	1
3L	23304401	23306793	1
3L	23306798	23307896	1
3L	23308139	23308231	1
3L	23308233	23308964	1
3L	23309001	23309088	1
3L	23309098	23309547	1
3L	23309639	23310071	1
3L	23310137	23313268	1
3L	23313279	23313742	1
3L	23313768	23314286	1
3L	23314387	23314546	1
3L	23314716	23331075	1
3L	23331123	23331728	1
3L	23331743	23331795	1
3L	23331899	23332002	1
3L	23332061	23332270	1
3L	23332387	23332985	1
3L	23333081	23333140	1
3L	23333195	23333271	1
3L	23333563	23340454	1
3L	23340505	23348192	1
3L	23348700	23349542	1
3L	23349662	23349838	1
3L	23349956	23354679	1
3L	23354862	23355032	1
3L	23358538	23358866	1
3L	23359097	23359303	1
3L	23360767	23361038	1
3L	23361810	23362098	1
3L	23362535	23362720	1
3L	23365751	23366082	1
3L	23369378	23369820	1
3L	23371107	23371181	1
3L	23371382	23371820	1
3L	23372025	23372175	1
3L	23379617	23379699	1
3L	23381735	23382747	1
3L	23382788	23383028	1
3L	23383222	23383417	1
3L	23383544	23383749	1
3L	23383832	23385068	1
3L	23392629	23397948	1
3L	23397972	23398034	1
3L	23398035	23403277	1
3L	23403291	23403344	1
3L	23403446	23403554	1
3L	23403574	23404078	1
3L	23404093	23404287	1
3L	23404341	23404574	1
3L	23404598	23405073	1
3L	23405108	23405341	1
3L	23405343	23405559	1
3L	23405648	23406239	1
3L	23406632	23407456	1
3L	23408517	23408654	1
3L	23408786	23408966	1
3L	23410717	23410922	1
3L	23411012	23411188	1
3L	23413406	23413458	1
3L	23415500	23415679	1
3L	23416273	23416458	1
3L	23416614	23416804	1
3L	23416887	23417468	1
3L	23417544	23418481	1
3L	23418841	23419041	1
3L	23419074	23419756	1
3L	23420715	23421683	1
3L	23421730	23422283	1
3L	23422377	23422565	1
3L	23422658	23422730	1
3L	23422746	23422830	1
3L	23425017	23425181	1
3L	23425661	23432519	1
3L	23432527	23432634	1
3L	23432642	23436498	1
3L	23436676	23437351	1
3L	23437383	23437583	1
3L	23443244	23443412	1
3L	23443491	23443665	1
3L	23444615	23453535	1
3L	23453716	23460573	1
3L	23462394	23462572	1
3L	23462911	23463086	1
3L	23463715	23463837	1
3L	23464619	23464811	1
3L	23465385	23470834	1
3L	23470835	23471109	1
3L	23471110	23475708	1
3L	23475812	23476572	1
3L	23476688	23478779	1
3L	23478784	23479283	1
3L	23479288	23479837	1
3L	23479840	23482592	1
3L	23482902	23483425	1
3L	23483498	23483809	1
3L	23484086	23484376	1
3L	23484598	23488250	1
3L	23489187	23494832	1
3L	23494843	23494896	1
3L	23495154	23495280	1
3L	23495708	23496722	1
3L	23497290	23497381	1
3L	23497430	23497599	1
3L	23497994	23498180	1
3L	23498993	23499168	1
3L	23500718	23500901	1
3L	23501276	23501347	1
3L	23501939	23502079	1
3L	23502365	23502437	1
3L	23502674	23502735	1
3L	23502736	23502798	1
3L	23502943	23503157	1
3L	23503199	23503262	1
3L	23503324	23503592	1
3L	23503649	23505068	1
3L	23505103	23507587	1
3L	23507676	23511792	1
3L	23511864	23512338	1
3L	23512378	23512640	1
3L	23512891	23512941	1
3L	23513037	23513436	1
3L	23513599	23513922	1
3L	23513932	23514857	1
3L	23514866	23515366	1
3L	23515553	23515616	1
3L	23515627	23515801	1
3L	23517745	23517844	1
3L	23522128	23522197	1
3L	23523038	23524762	1
3L	23524781	23525547	1
3L	23525574	23526506	1
3L	23526791	23526984	1
3L	23527453	23527630	1
3L	23527802	23530297	1
3L	23530661	23530856	1
3L	23530878	23531134	1
3L	23531312	23537993	1
3L	23538410	23538602	1
3L	23538739	23539006	1
3L	23542174	23542369	1
3L	23548491	23548726	1
3L	23550129	23550441	1
3L	23550697	23550868	1
3L	23551118	23551292	1
3L	23551724	23551808	1
3L	23552186	23552355	1
3L	23553368	23553421	1
3L	23553606	23554475	1
3L	23554479	23555832	1
3L	23555838	23557471	1
3L	23557498	23557739	1
3L	23557779	23558315	1
3L	23558326	23558542	1
3L	23558543	23558734	1
3L	23558795	23560170	1
3L	23560264	23560711	1
3L	23567488	23567684	1
3L	23568079	23571592	1
3L	23572091	23572312	1
3L	23572788	23573017	1
3L	23577993	23578163	1
3L	23578202	23578706	1
3L	23578963	23580893	1
3L	23580994	23581200	1
3L	23581548	23581884	1
3L	23582682	23582735	1
3L	23582787	23583762	1
3L	23588203	23595597	1
3L	23597542	23598591	1
3L	23598643	23598911	1
3L	23598999	23599503	1
3L	23599516	23600039	1
3L	23600131	23602551	1
3L	23602733	23603373	1
3L	23603706	23603905	1
3L	23604670	23604844	1
3L	23607765	23611534	1
3L	23611611	23612457	1
3L	23612830	23619717	1
3L	23619747	23619994	1
3L	23620130	23620380	1
3L	23620382	23620629	1
3L	23621533	23621733	1
3L	23622227	23622310	1
3L	23622374	23622427	1
3L	23623794	23623926	1
3L	23625224	23625489	1
3L	23625882	23626062	1
3L	23632820	23637659	1
3L	23637808	23638065	1
3L	23638190	23638441	1
3L	23638471	23638828	1
3L	23639118	23639389	1
3L	23639525	23639706	1
3L	23640208	23640385	1
3L	23640419	23640683	1
3L	23640695	23640776	1
3L	23640822	23641040	1
3L	23641138	23641265	1
3L	23641326	23641522	1
3L	23641610	23641907	1
3L	23642026	23642390	1
3L	23642457	23642674	1
3L	23642681	23642802	1
3L	23642877	23643177	1
3L	23643191	23643759	1
3L	23643947	23644169	1
3L	23644227	23646961	1
3L	23647722	23647821	1
3L	23647908	23650371	1
3L	23651168	23651228	1
3L	23651285	23655483	1
3L	23655730	23656441	1
3L	23656465	23656517	1
3L	23656545	23656622	1
3L	23656646	23657486	1
3L	23657665	23658010	1
3L	23658173	23658370	1
3L	23660573	23660747	1
3L	23662283	23663871	1
3L	23663933	23664409	1
3L	23664417	23666726	1
3L	23667219	23667427	1
3L	23667485	23667670	1
3L	23668861	23668972	1
3L	23671138	23671297	1
3L	23672540	23672837	1
3L	23672871	23672992	1
3L	23673587	23673935	1
3L	23674234	23674421	1
3L	23677928	23680063	1
3L	23680219	23681597	1
3L	23684616	23684728	1
3L	23686123	23686675	1
3L	23687618	23691736	1
3L	23692659	23695264	1
3L	23695282	23695455	1
3L	23695498	23695684	1
3L	23695805	23696624	1
3L	23697540	23699437	1
3L	23699484	23699676	1
3L	23699687	23700071	1
3L	23700952	23701256	1
3L	23701331	23701639	1
3L	23701711	23701828	1
3L	23701829	23701908	1
3L	23701960	23705407	1
3L	23705588	23705780	1
3L	23705958	23706132	1
3L	23708338	23708832	1
3L	23710371	23710880	1
3L	23710895	23711111	1
3L	23711190	23712578	1
3L	23712749	23718799	1
3L	23718935	23719143	1
3L	23719561	23725155	1
3L	23725241	23731060	1
3L	23732692	23732858	1
3L	23734766	23734860	1
3L	23736807	23736976	1
3L	23737069	23737133	1
3L	23737684	23753953	1
3L	23753979	23755553	1
3L	23755622	23755824	1
3L	23756098	23756785	1
3L	23757984	23759077	1
3L	23759160	23759853	1
3L	23764400	23764756	1
3L	23764760	23774626	1
3L	23775354	23775545	1
3L	23776342	23776394	1
3L	23776543	23776677	1
3L	23777247	23777395	1
3L	23777468	23777767	1
3L	23780622	23780685	1
3L	23780694	23780893	1
3L	23782543	23782661	1
3L	23782729	23783035	1
3L	23783055	23788464	1
3L	23788465	23789054	1
3L	23789130	23789421	1
3L	23790496	23790549	1
3L	23791354	23791541	1
3L	23794159	23794676	1
3L	23794828	23796667	1
3L	23796672	23798687	1
3L	23799956	23800190	1
3L	23807567	23807734	1
3L	23810868	23811456	1
3L	23811635	23812119	1
3L	23812222	23812522	1
3L	23813927	23815353	1
3L	23815359	23815445	1
3L	23815491	23815559	1
3L	23815560	23815666	1
3L	23815702	23815900	1
3L	23815901	23818824	1
3L	23818945	23819103	1
3L	23819114	23822108	1
3L	23822117	23822616	1
3L	23822752	23824812	1
3L	23827719	23827903	1
3L	23830096	23830272	1
3L	23831000	23831121	1
3L	23832063	23832216	1
3L	23839472	23840931	1
3L	23841381	23842434	1
3L	23842436	23842693	1
3L	23842701	23844456	1
3L	23844460	23848878	1
3L	23849471	23849847	1
3L	23849852	23850572	1
3L	23850625	23850716	1
3L	23851049	23851116	1
3L	23851180	23851246	1
3L	23851362	23851560	1
3L	23851720	23851994	1
3L	23852012	23852064	1
3L	23852093	23852402	1
3L	23852480	23852676	1
3L	23852902	23853207	1
3L	23853287	23855804	1
3L	23855949	23856096	1
3L	23856612	23856788	1
3L	23857755	23857929	1
3L	23859091	23859628	1
3L	23859717	23859865	1
3L	23861192	23861942	1
3L	23861944	23862359	1
3L	23865804	23865984	1
3L	23866341	23866526	1
3L	23867250	23867377	1
3L	23868054	23868236	1
3L	23869025	23869285	1
3L	23869569	23869797	1
3L	23870020	23870238	1
3L	23870339	23877289	1
3L	23877439	23877636	1
3L	23877637	23878158	1
3L	23878255	23878584	1
3L	23878668	23879627	1
3L	23879806	23879875	1
3L	23879969	23884272	1
3L	23885107	23885160	1
3L	23886065	23886243	1
3L	23886695	23886872	1
3L	23887416	23887644	1
3L	23887687	23887862	1
3L	23887955	23888122	1
3L	23888259	23888398	1
3L	23888793	23896454	1
3L	23904245	23904316	1
3L	23904345	23904412	1
3L	23904515	23904693	1
3L	23905415	23910462	1
3L	23910484	23910815	1
3L	23911154	23911215	1
3L	23911235	23911372	1
3L	23911500	23912535	1
3L	23912564	23913076	1
3L	23913080	23914192	1
3L	23915126	23915297	1
3L	23915897	23916061	1
3L	23922351	23922524	1
3L	23930320	23930510	1
3L	23930570	23930763	1
3L	23931963	23936145	1
3L	23936505	23938683	1
3L	23939439	23942525	1
3L	23947614	23950198	1
3L	23950305	23950513	1
3L	23950761	23951288	1
3L	23951398	23951586	1
3L	23951786	23951994	1
3L	23952487	23952793	1
3L	23953009	23954569	1
3L	23954747	23954977	1
3L	23955083	23959266	1
3L	23959628	23962658	1
3L	23962678	23966203	1
3L	23967032	23967186	1
3L	23969500	23969672	1
3L	23972494	23972709	1
3L	23973589	23975450	1
3L	23975972	23977448	1
3L	23977572	23977758	1
3L	23978003	23978067	1
3L	23978143	23979732	1
3L	23980422	23980778	1
3L	23981240	23981294	1
3L	23981313	23981383	1
3L	23981397	23981499	1
3L	23983101	23983296	1
3L	23983930	23987682	1
3L	23988444	23988619	1
3L	23990932	23991119	1
3L	23991408	23991485	1
3L	23991487	23991554	1
3L	23992717	23992815	1
3L	23995626	23995808	1
3L	23998636	23998799	1
3L	23999677	24000754	1
3L	24001092	24001277	1
3L	24001342	24001808	1
3L	24001821	24002550	1
3L	24003458	24003562	1
3L	24003715	24003781	1
3L	24004770	24004964	1
3L	24004976	24005079	1
3L	24005246	24012456	1
3L	24014006	24014193	1
3L	24019583	24019682	1
3L	24020563	24021316	1
3L	24022255	24022857	1
3L	24027191	24031925	1
3L	24031956	24032048	1
3L	24032050	24032423	1
3L	24032427	24032529	1
3L	24032537	24032608	1
3L	24033692	24033875	1
3L	24033890	24034090	1
3L	24034100	24034172	1
3L	24034358	24037480	1
3L	24037704	24037778	1
3L	24038115	24041471	1
3L	24041479	24042087	1
3L	24042106	24042462	1
3L	24042466	24042782	1
3L	24042957	24043396	1
3L	24043450	24043814	1
3L	24044329	24044511	1
3L	24046424	24046597	1
3L	24048332	24049436	1
3L	24049581	24050344	1
3L	24050358	24055848	1
3L	24055926	24056004	1
3L	24056116	24056304	1
3L	24056634	24056818	1
3L	24058203	24058371	1
3L	24058567	24060881	1
3L	24061114	24061305	1
3L	24061414	24061560	1
3L	24062604	24062794	1
3L	24063226	24067937	1
3L	24068245	24068415	1
3L	24068819	24069073	1
3L	24069809	24070116	1
3L	24070265	24070482	1
3L	24070493	24070695	1
3L	24070958	24071195	1
3L	24071206	24071349	1
3L	24071379	24071715	1
3L	24072825	24078472	1
3L	24078492	24085264	1
3L	24085336	24085615	1
3L	24086622	24086793	1
3L	24087598	24088555	1
3L	24088649	24090059	1
3L	24090298	24090482	1
3L	24092559	24093602	1
3L	24095144	24095412	1
3L	24096126	24096301	1
3L	24097416	24097592	1
3L	24098082	24098272	1
3L	24100628	24100816	1
3L	24102029	24102175	1
3L	24102707	24102903	1
3L	24103787	24103961	1
3L	24104106	24104416	1
3L	24106611	24106796	1
3L	24107213	24107396	1
3L	24107506	24107715	1
3L	24108692	24108885	1
3L	24109290	24114229	1
3L	24114625	24114815	1
3L	24115116	24115175	1
3L	24117399	24117736	1
3L	24117740	24117878	1
3L	24118602	24118998	1
3L	24119004	24121026	1
3L	24121046	24131845	1
3L	24132083	24132273	1
3L	24132718	24132885	1
3L	24137879	24138058	1
3L	24138355	24138422	1
3L	24140685	24140858	1
3L	24141645	24141741	1
3L	24143230	24143341	1
3L	24143770	24143833	1
3L	24144578	24144846	1
3L	24146924	24147381	1
3L	24147476	24147835	1
3L	24148463	24156156	1
3L	24156380	24161719	1
3L	24161929	24168829	1
3L	24169182	24169365	1
3L	24175931	24176976	1
3L	24177435	24177730	1
3L	24178148	24178255	1
3L	24178347	24178481	1
3L	24178534	24178712	1
3L	24178872	24179107	1
3L	24179631	24179910	1
3L	24179911	24180203	1
3L	24180215	24180282	1
3L	24180506	24180896	1
3L	24180897	24181521	1
3L	24182083	24182162	1
3L	24182244	24182427	1
3L	24183569	24183757	1
3L	24183838	24184309	1
3L	24184650	24188071	1
3L	24188079	24189865	1
3L	24189930	24190108	1
3L	24190427	24191851	1
3L	24191933	24192090	1
3L	24192134	24193553	1
3L	24193732	24193961	1
3L	24194396	24196365	1
3L	24197451	24197604	1
3L	24201943	24202133	1
3L	24203325	24203470	1
3L	24203849	24203915	1
3L	24203930	24204887	1
3L	24205076	24205589	1
3L	24205931	24213823	1
3L	24215609	24215778	1
3L	24216318	24216490	1
3L	24216887	24217105	1
3L	24218685	24218735	1
3L	24219307	24219377	1
3L	24219382	24219499	1
3L	24221823	24221952	1
3L	24224839	24224924	1
3L	24225178	24225335	1
3L	24225794	24227055	1
3L	24227863	24229389	1
3L	24230265	24230585	1
3L	24230665	24234629	1
3L	24235237	24237351	1
3L	24237356	24237454	1
3L	24237509	24238265	1
3L	24238306	24238525	1
3L	24238529	24238609	1
3L	24238617	24239573	1
3L	24239577	24242511	1
3L	24247482	24249404	1
3L	24249607	24250740	1
3L	24250756	24251104	1
3L	24251175	24251359	1
3L	24251423	24251750	1
3L	24252516	24256264	1
3L	24256283	24257688	1
3L	24258002	24259395	1
3L	24259627	24260566	1
3L	24260647	24260853	1
3L	24261122	24261308	1
3L	24261356	24261457	1
3L	24261474	24261711	1
3L	24262217	24264086	1
3L	24264219	24265031	1
3L	24265053	24268638	1
3L	24268742	24268800	1
3L	24268829	24269450	1
3L	24269503	24271800	1
3L	24271938	24272116	1
3L	24279663	24279746	1
3L	24279791	24280508	1
3L	24280575	24280691	1
3L	24281538	24283394	1
3L	24283593	24283764	1
3L	24284867	24284924	1
3L	24285945	24286120	1
3L	24287070	24287402	1
3L	24288482	24292121	1
3L	24292989	24302867	1
3L	24302947	24304249	1
3L	24304287	24304789	1
3L	24306929	24307113	1
3L	24307250	24307637	1
3L	24307648	24307830	1
3L	24307839	24308085	1
3L	24308120	24308407	1
3L	24308448	24308560	1
3L	24308761	24308885	1
3L	24308897	24308958	1
3L	24309230	24309355	1
3L	24309801	24310409	1
3L	24310610	24310877	1
3L	24311265	24311531	1
3L	24311753	24315128	1
3L	24315155	24316912	1
3L	24317194	24317294	1
3L	24317366	24317723	1
3L	24318345	24318687	1
3L	24318982	24319046	1
3L	24319459	24319646	1
3L	24319661	24319722	1
3L	24319935	24320181	1
3L	24320266	24320869	1
3L	24320910	24321058	1
3L	24321209	24326492	1
3L	24326498	24326554	1
3L	24326606	24328189	1
3L	24328326	24328522	1
3L	24329875	24330718	1
3L	24334503	24334830	1
3L	24334900	24335353	1
3L	24335416	24335644	1
3L	24335984	24336604	1
3L	24336900	24337978	1
3L	24337986	24338168	1
3L	24341201	24341369	1
3L	24343959	24344128	1
3L	24346619	24352873	1
3L	24354470	24354574	1
3L	24354876	24354944	1
3L	24354959	24355253	1
3L	24355500	24355672	1
3L	24355857	24356032	1
3L	24356038	24356119	1
3L	24356544	24356778	1
3L	24359371	24359453	1
3L	24360154	24361820	1
3L	24361824	24362146	1
3L	24362178	24369115	1
3L	24371648	24371843	1
3L	24372741	24373999	1
3L	24374289	24376566	1
3L	24377180	24377295	1
3L	24377496	24378894	1
3L	24378973	24379025	1
3L	24379077	24379169	1
3L	24379549	24379751	1
3L	24379752	24380001	1
3L	24380167	24380470	1
3L	24380612	24381925	1
3L	24381942	24382133	1
3L	24385864	24386099	1
3L	24386137	24388091	1
3L	24389004	24389182	1
3L	24390304	24390482	1
3L	24391228	24391382	1
3L	24392709	24392872	1
3L	24393055	24393855	1
3L	24393906	24394096	1
3L	24399627	24402928	1
3L	24413677	24413845	1
3L	24415760	24415813	1
3L	24430319	24430915	1
3L	24431119	24431489	1
3L	24431748	24434188	1
3L	24435099	24435263	1
3L	24440829	24440999	1
3L	24442552	24442717	1
3L	24443221	24443389	1
3L	24446180	24446332	1
3L	24446411	24447616	1
3L	24447745	24447909	1
3L	24448092	24448149	1
3L	24451306	24451492	1
3L	24451975	24452147	1
3L	24456065	24456237	1
3L	24458360	24458526	1
3L	24461781	24461856	1
3L	24461908	24462137	1
3L	24462138	24462501	1
3L	24462545	24463058	1
3L	24463059	24463388	1
3L	24463402	24463568	1
3L	24470866	24471033	1
3L	24471782	24472194	1
3L	24472406	24472640	1
3L	24472873	24473093	1
3L	24473425	24473758	1
3L	24473965	24474146	1
3L	24474197	24474790	1
3L	24475172	24475395	1
3L	24476209	24476368	1
3L	24479876	24480044	1
3L	24480950	24481221	1
3L	24489135	24489297	1
3L	24491144	24492091	1
3L	24492246	24493558	1
3L	24493570	24493788	1
3L	24493886	24494070	1
3L	24494149	24494315	1
3L	24494469	24494782	1
3L	24494791	24494845	1
3L	24494914	24495134	1
3L	24495249	24495479	1
3L	24495507	24496008	1
3L	24496199	24497741	1
3L	24502701	24502874	1
3L	24504069	24504256	1
3L	24504306	24504377	1
3L	24504541	24505526	1
3L	24505551	24506189	1
3L	24506231	24506431	1
3L	24506433	24506706	1
3L	24506822	24507118	1
3L	24507258	24507511	1
3L	24507529	24509657	1
3L	24510020	24510207	1
3L	24510272	24512801	1
3L	24512865	24513046	1
3L	24514306	24514496	1
3L	24514523	24514777	1
3L	24514815	24515075	1
3L	24515077	24515226	1
3L	24515257	24516698	1
3L	24516741	24517084	1
3L	24517627	24517980	1
3L	24517982	24518146	1
3L	24518176	24519201	1
3L	24519255	24519345	1
3L	24519615	24519699	1
3L	24521541	24521875	1
3L	24523846	24524052	1
3L	24524090	24524263	1
3L	24525593	24525782	1
3L	24529230	24529944	1
3L	24530304	24530556	1
3L	24530622	24535197	1
3L	24535237	24539009	1
3L	24539025	24542592	1
3L	24556861	24557050	1
3L	24558707	24559193	1
3L	24559351	24559523	1
3L	24559652	24559825	1
3L	24561287	24561470	1
3L	24561630	24561952	1
3L	24562868	24563048	1
3L	24563279	24563582	1
3L	24564020	24569671	1
3L	24569862	24570412	1
3L	24570777	24570961	1
3L	24570989	24571172	1
3L	24571244	24571488	1
3L	24571695	24573371	1
3L	24573442	24574332	1
3L	24574895	24575101	1
3L	24575109	24575218	1
3L	24575247	24575432	1
3L	24577671	24577765	1
3L	24577862	24577950	1
3L	24579131	24579317	1
3L	24593482	24593857	1
3L	24593947	24594106	1
3L	24594255	24594361	1
3L	24596106	24596163	1
3L	24597464	24597636	1
3L	24602209	24602383	1
3L	24602546	24602597	1
3L	24603176	24603310	1
3L	24603622	24603814	1
3L	24603821	24604014	1
3L	24604334	24604405	1
3L	24605091	24605232	1
3L	24609922	24609975	1
3L	24610850	24610961	1
3L	24612854	24612953	1
3L	24613447	24613506	1
3L	24615501	24615571	1
3L	24615742	24615814	1
3L	24616558	24616720	1
3L	24617909	24618073	1
3L	24620316	24620418	1
3L	24621119	24621177	1
3L	24624496	24624582	1
3L	24624676	24624784	1
3L	24624999	24625100	1
3L	24625691	24625773	1
3L	24626789	24626873	1
3L	24627430	24627667	1
3L	24630887	24630954	1
3L	24635166	24635355	1
3L	24640823	24641186	1
3L	24649300	24649491	1
3L	24650214	24650313	1
3L	24651138	24651272	1
3L	24655860	24656033	1
3L	24656417	24656621	1
3L	24657509	24657627	1
3L	24657794	24658243	1
3L	24658670	24658787	1
3L	24660109	24660274	1
3L	24664886	24665080	1
3L	24666321	24666482	1
3L	24669315	24669487	1
3L	24671322	24671491	1
3L	24671796	24672026	1
3L	24672587	24672647	1
3L	24673261	24673340	1
3L	24676366	24676494	1
3L	24676584	24676762	1
3L	24682718	24682857	1
3L	24683097	24684047	1
3L	24684134	24684737	1
3L	24684787	24684987	1
3L	24685010	24685813	1
3L	24685829	24685974	1
3L	24686002	24686925	1
3L	24686983	24687246	1
3L	24687497	24687704	1
3L	24687762	24687833	1
3L	24687840	24688125	1
3L	24688374	24689353	1
3L	24693917	24694255	1
3L	24698061	24698355	1
3L	24699780	24700092	1
3L	24700453	24700693	1
3L	24700839	24701842	1
3L	24701868	24706050	1
3L	24706313	24706605	1
3L	24706634	24706978	1
3L	24707047	24707190	1
3L	24707334	24707803	1
3L	24708163	24708827	1
3L	24709091	24709624	1
3L	24709631	24709828	1
3L	24711058	24711298	1
3L	24711906	24712026	1
3L	24712121	24712271	1
3L	24712428	24712608	1
3L	24712632	24712908	1
3L	24712909	24713104	1
3L	24713748	24713836	1
3L	24713863	24713921	1
3L	24716702	24716992	1
3L	24718391	24737758	1
3L	24737866	24738503	1
3L	24738602	24738898	1
3L	24739058	24760504	1
3L	24760732	24764919	1
3L	24765822	24770137	1
3L	24770182	24770785	1
3L	24770792	24774386	1
3L	24774616	24776273	1
3L	24776405	24776604	1
3L	24776639	24776924	1
3L	24776939	24777012	1
3L	24778983	24779167	1
3L	24784238	24784594	1
3L	24785041	24786258	1
3L	24786390	24786470	1
3L	24786473	24787102	1
3L	24787124	24791944	1
3L	24795600	24795794	1
3L	24796495	24801254	1
3L	24801452	24802507	1
3L	24802663	24803240	1
3L	24803360	24803545	1
3L	24803589	24803772	1
3L	24804186	24804399	1
3L	24805041	24805248	1
3L	24806004	24806440	1
3L	24806705	24806951	1
3L	24807216	24807401	1
3L	24808021	24808218	1
3L	24808245	24808328	1
3L	24808553	24808739	1
3L	24809001	24809205	1
3L	24809219	24809333	1
3L	24809953	24810148	1
3L	24810328	24811337	1
3L	24812517	24812670	1
3L	24812814	24812867	1
3L	24812875	24813055	1
3L	24813371	24813715	1
3L	24817092	24817280	1
3L	24819783	24819963	1
3L	24820001	24820859	1
3L	24820911	24821104	1
3L	24821303	24821573	1
3L	24821648	24821817	1
3L	24823327	24823497	1
3L	24827617	24827787	1
3L	24827836	24828025	1
3L	24828283	24828460	1
3L	24830036	24830204	1
3L	24830597	24830820	1
3L	24831100	24831282	1
3L	24831767	24831949	1
3L	24834166	24834359	1
3L	24835608	24835784	1
3L	24835870	24836417	1
3L	24836470	24836887	1
3L	24836894	24837635	1
3L	24838377	24838791	1
3L	24839153	24839564	1
3L	24839565	24840094	1
3L	24840247	24840973	1
3L	24841008	24841204	1
3L	24842400	24842550	1
3L	24842971	24843595	1
3L	24844136	24845331	1
3L	24845352	24846603	1
3L	24850971	24851138	1
3L	24858469	24858652	1
3L	24858905	24859064	1
3L	24860122	24860290	1
3L	24860346	24860580	1
3L	24861556	24861748	1
3L	24861960	24862036	1
3L	24862053	24862359	1
3L	24862918	24863320	1
3L	24864608	24864772	1
3L	24865340	24865523	1
3L	24865976	24867208	1
3L	24867219	24870677	1
3L	24870682	24870792	1
3L	24871238	24871511	1
3L	24871724	24871855	1
3L	24874284	24874465	1
3L	24875214	24875274	1
3L	24875459	24875933	1
3L	24878176	24878807	1
3L	24879546	24879812	1
3L	24880214	24880638	1
3L	24880693	24880946	1
3L	24880953	24881140	1
3L	24881143	24881310	1
3L	24881956	24882152	1
3L	24883144	24883305	1
3L	24885285	24885387	1
3L	24885943	24886137	1
3L	24886326	24886528	1
3L	24886583	24886842	1
3L	24887591	24888108	1
3L	24888952	24889366	1
3L	24889690	24892446	1
3L	24892467	24893545	1
3L	24893624	24894377	1
3L	24894532	24896632	1
3L	24896706	24896938	1
3L	24897332	24897414	1
3L	24897449	24897509	1
3L	24897725	24897912	1
3L	24898242	24898380	1
3L	24898412	24899861	1
3L	24899895	24903074	1
3L	24903166	24903391	1
3L	24903409	24903673	1
3L	24903704	24907149	1
3L	24907322	24907825	1
3L	24909249	24909842	1
3L	24910183	24910360	1
3L	24910422	24910602	1
3L	24910855	24911042	1
3L	24911327	24911548	1
3L	24911648	24911715	1
3L	24911780	24912098	1
3L	24912338	24912515	1
3L	24914657	24915091	1
3L	24916026	24918639	1
3L	24918689	24918872	1
3L	24920290	24921494	1
3L	24921790	24922018	1
3L	24922157	24922317	1
3L	24923099	24923281	1
3L	24923383	24923596	1
3L	24923681	24925248	1
3L	24925258	24927218	1
3L	24927784	24927965	1
3L	24928468	24928645	1
3L	24929233	24929787	1
3L	24930502	24930781	1
3L	24930804	24930978	1
3L	24931747	24933888	1
3L	24934051	24934949	1
3L	24935059	24935197	1
3L	24936187	24936443	1
3L	24936947	24937061	1
3L	24937133	24940899	1
3L	24941649	24941741	1
3L	24941924	24942110	1
3L	24943868	24944050	1
3L	24946062	24946270	1
3L	24946691	24947890	1
3L	24947945	24948196	1
3L	24948496	24948993	1
3L	24949219	24949932	1
3L	24950257	24950419	1
3L	24951746	24951916	1
3L	24952191	24952362	1
3L	24952536	24953132	1
3L	24953182	24953266	1
3L	24953279	24954004	1
3L	24954350	24954712	1
3L	24955534	24955710	1
3L	24964982	24965151	1
3L	24972421	24976299	1
3L	24976877	24977020	1
3L	24977904	24978080	1
3L	24978162	24978355	1
3L	24979075	24979355	1
3L	24979362	24979551	1
3L	24980322	24980680	1
3L	24980736	24980925	1
3L	24981542	24981639	1
3L	24981678	24981871	1
3L	24982017	24982439	1
3L	24982864	24983024	1
3L	24983617	24984134	1
3L	24984186	24984525	1
3L	24985845	24986012	1
3L	24986110	24986278	1
3L	24987217	24987495	1
3L	24991067	24991226	1
3L	24993568	24993763	1
3L	24993863	24994052	1
3L	24994068	24994264	1
3L	24994305	24994362	1
3L	24994481	24994709	1
3L	24995122	24995722	1
3L	24995883	24999408	1
3L	24999569	24999698	1
3L	24999813	24999996	1
3L	25000261	25000682	1
3L	25001911	25009343	1
3L	25009557	25011693	1
3L	25013396	25013567	1
3L	25015581	25015769	1
3L	25015927	25016094	1
3L	25018606	25018771	1
3L	25018925	25019172	1
3L	25019396	25019589	1
3L	25019842	25020015	1
3L	25020214	25020410	1
3L	25020617	25020671	1
3L	25021049	25021341	1
3L	25021931	25022266	1
3L	25022544	25022617	1
3L	25022620	25022877	1
3L	25023149	25023353	1
3L	25023467	25023552	1
3L	25023652	25023712	1
3L	25024028	25024207	1
3L	25024456	25024606	1
3L	25024697	25024871	1
3L	25025287	25025455	1
3L	25026291	25026607	1
3L	25027268	25027342	1
3L	25028795	25028962	1
3L	25030360	25030748	1
3L	25030959	25031123	1
3L	25031715	25031892	1
3L	25033357	25033528	1
3L	25036699	25036870	1
3L	25038228	25038390	1
3L	25046477	25046653	1
3L	25047031	25047189	1
3L	25047277	25047392	1
3L	25047407	25047498	1
3L	25047620	25047788	1
3L	25047841	25048306	1
3L	25048425	25049163	1
3L	25049564	25049744	1
3L	25056859	25056933	1
3L	25057881	25057989	1
3L	25058587	25058769	1
3L	25060313	25060515	1
3L	25061077	25061838	1
3L	25061843	25061953	1
3L	25062403	25062610	1
3L	25062837	25063027	1
3L	25065459	25065928	1
3L	25065952	25066090	1
3L	25066107	25066168	1
3L	25066182	25066232	1
3L	25066234	25067063	1
3L	25067082	25069272	1
3L	25069368	25069886	1
3L	25070049	25070247	1
3L	25070346	25070697	1
3L	25070701	25071414	1
3L	25071528	25072503	1
3L	25072508	25072739	1
3L	25072740	25075359	1
3L	25076001	25076192	1
3L	25076309	25077285	1
3L	25078202	25078926	1
3L	25079555	25079748	1
3L	25079932	25080445	1
3L	25080550	25080720	1
3L	25081257	25081430	1
3L	25086755	25086925	1
3L	25087307	25087357	1
3L	25087369	25087431	1
3L	25088165	25088347	1
3L	25088720	25088905	1
3L	25089330	25089508	1
3L	25090023	25090203	1
3L	25090494	25090557	1
3L	25090930	25091022	1
3L	25092380	25092586	1
3L	25092667	25093009	1
3L	25093095	25093294	1
3L	25093298	25094077	1
3L	25094207	25094402	1
3L	25094415	25094765	1
3L	25094804	25095365	1
3L	25096434	25096911	1
3L	25096946	25097142	1
3L	25097336	25097883	1
3L	25098232	25099083	1
3L	25099328	25100504	1
3L	25100532	25100601	1
3L	25100680	25100942	1
3L	25101903	25102229	1
3L	25102437	25102542	1
3L	25103011	25103138	1
3L	25103142	25103371	1
3L	25104008	25104182	1
3L	25104347	25104529	1
3L	25105101	25105584	1
3L	25105589	25126603	1
3L	25126609	25128215	1
3L	25128396	25128744	1
3L	25128803	25129701	1
3L	25132095	25132210	1
3L	25134885	25135655	1
3L	25136380	25136490	1
3L	25137208	25137392	1
3L	25137642	25137817	1
3L	25140471	25140640	1
3L	25141284	25141454	1
3L	25141673	25141737	1
3L	25142955	25143736	1
3L	25143746	25143844	1
3L	25144116	25144279	1
3L	25144354	25154754	1
3L	25154805	25155337	1
3L	25155402	25155762	1
3L	25155905	25156094	1
3L	25156100	25156176	1
3L	25158528	25158598	1
3L	25159983	25160056	1
3L	25160080	25160872	1
3L	25160895	25161278	1
3L	25161327	25161532	1
3L	25161573	25163454	1
3L	25163735	25163906	1
3L	25164553	25164728	1
3L	25165630	25165794	1
3L	25167016	25167188	1
3L	25167966	25168252	1
3L	25175488	25175757	1
3L	25175946	25176295	1
3L	25176523	25176769	1
3L	25177185	25177319	1
3L	25178293	25178465	1
3L	25178603	25178779	1
3L	25179320	25179385	1
3L	25180937	25181120	1
3L	25186074	25186677	1
3L	25186683	25188249	1
3L	25188410	25188633	1
3L	25188640	25189645	1
3L	25189776	25190112	1
3L	25190296	25190489	1
3L	25190939	25192583	1
3L	25194282	25194395	1
3L	25194786	25194881	1
3L	25196216	25196579	1
3L	25196615	25196715	1
3L	25197484	25198047	1
3L	25198051	25198132	1
3L	25199395	25200993	1
3L	25201109	25201420	1
3L	25201503	25202312	1
3L	25202356	25202846	1
3L	25202886	25204497	1
3L	25205759	25206535	1
3L	25206735	25208993	1
3L	25209122	25209172	1
3L	25209250	25209563	1
3L	25209693	25209909	1
3L	25209968	25210078	1
3L	25210721	25210799	1
3L	25211690	25211879	1
3L	25218308	25218459	1
3L	25219029	25219213	1
3L	25225370	25225521	1
3L	25229328	25229414	1
3L	25229764	25243012	1
3L	25243055	25243152	1
3L	25243160	25243776	1
3L	25245304	25245561	1
3L	25252157	25252320	1
3L	25254128	25254400	1
3L	25254613	25256541	1
3L	25256622	25256751	1
3L	25256836	25257020	1
3L	25257033	25257391	1
3L	25257481	25257661	1
3L	25257812	25257999	1
3L	25258461	25258511	1
3L	25258528	25258622	1
3L	25259080	25259306	1
3L	25260419	25260631	1
3L	25260644	25260836	1
3L	25262518	25263544	1
3L	25264077	25264773	1
3L	25264782	25264877	1
3L	25265061	25265347	1
3L	25265352	25265525	1
3L	25267115	25267593	1
3L	25267604	25271302	1
3L	25271359	25272586	1
3L	25275021	25275102	1
3L	25278720	25278953	1
3L	25279154	25279325	1
3L	25279341	25279421	1
3L	25279787	25279863	1
3L	25279922	25279979	1
3L	25281902	25282105	1
3L	25282632	25282716	1
3L	25282855	25283031	1
3L	25283413	25283805	1
3L	25283844	25284241	1
3L	25284302	25285171	1
3L	25285192	25286498	1
3L	25286915	25287090	1
3L	25291369	25291546	1
3L	25293961	25294139	1
3L	25294880	25295113	1
3L	25295318	25295486	1
3L	25296324	25296497	1
3L	25296812	25296983	1
3L	25297279	25297451	1
3L	25298203	25298381	1
3L	25298595	25299411	1
3L	25299772	25299943	1
3L	25300167	25300444	1
3L	25301260	25306469	1
3L	25306550	25306756	1
3L	25307095	25307269	1
3L	25308760	25308873	1
3L	25309155	25309347	1
3L	25309426	25311294	1
3L	25311346	25312478	1
3L	25316909	25317378	1
3L	25317599	25317777	1
3L	25318616	25319961	1
3L	25319982	25320190	1
3L	25320415	25320611	1
3L	25320952	25321171	1
3L	25321270	25326930	1
3L	25330829	25337429	1
3L	25337443	25338072	1
3L	25338302	25338438	1
3L	25339509	25339626	1
3L	25339974	25347506	1
3L	25347557	25348620	1
3L	25348728	25349145	1
3L	25349211	25349429	1
3L	25349440	25350453	1
3L	25350518	25355823	1
3L	25355907	25356037	1
3L	25356862	25357030	1
3L	25359346	25359509	1
3L	25359590	25359749	1
3L	25360932	25361037	1
3L	25362199	25362251	1
3L	25363447	25363623	1
3L	25366502	25366682	1
3L	25368456	25368633	1
3L	25373117	25373345	1
3L	25373468	25373638	1
3L	25374137	25374293	1
3L	25374436	25374596	1
3L	25378415	25378590	1
3L	25378698	25378875	1
3L	25381096	25381185	1
3L	25382051	25382217	1
3L	25384630	25384683	1
3L	25384699	25384799	1
3L	25385367	25385429	1
3L	25388143	25388262	1
3L	25388360	25388417	1
3L	25389123	25389290	1
3L	25389325	25389521	1
3L	25389988	25390170	1
3L	25390941	25391689	1
3L	25393810	25393873	1
3L	25394035	25394097	1
3L	25395057	25395236	1
3L	25395396	25395478	1
3L	25395687	25396016	1
3L	25396110	25397040	1
3L	25397154	25397956	1
3L	25398134	25398332	1
3L	25398612	25398784	1
3L	25398909	25399043	1
3L	25400119	25400295	1
3L	25401085	25401274	1
3L	25403221	25403653	1
3L	25403655	25403967	1
3L	25404086	25404645	1
3L	25404683	25405065	1
3L	25405183	25405722	1
3L	25405811	25406646	1
3L	25407035	25407103	1
3L	25408594	25408736	1
3L	25410064	25410298	1
3L	25410846	25411236	1
3L	25411299	25411494	1
3L	25411669	25414434	1
3L	25415997	25422620	1
3L	25423870	25424510	1
3L	25424512	25424741	1
3L	25425007	25425180	1
3L	25425443	25425833	1
3L	25428127	25428239	1
3L	25428683	25428849	1
3L	25431733	25431900	1
3L	25431941	25432099	1
3L	25433253	25433379	1
3L	25433995	25434175	1
3L	25435473	25435563	1
3L	25435721	25435772	1
3L	25436428	25436882	1
3L	25436913	25437091	1
3L	25437559	25437729	1
3L	25438504	25438698	1
3L	25438716	25438773	1
3L	25438865	25438994	1
3L	25439189	25439480	1
3L	25439667	25439937	1
3L	25439957	25446851	1
3L	25446969	25447162	1
3L	25451719	25452106	1
3L	25452208	25452526	1
3L	25452713	25452878	1
3L	25452993	25453211	1
3L	25453287	25453470	1
3L	25453603	25456831	1
3L	25456846	25457043	1
3L	25457054	25458449	1
3L	25458595	25462630	1
3L	25462812	25464589	1
3L	25470428	25470539	1
3L	25471154	25471428	1
3L	25472812	25472877	1
3L	25473109	25473230	1
3L	25473685	25473745	1
3L	25477747	25477938	1
3L	25478829	25488314	1
3L	25488470	25489163	1
3L	25489592	25489788	1
3L	25489832	25490069	1
3L	25490072	25490485	1
3L	25490548	25490621	1
3L	25490643	25491196	1
3L	25491256	25493301	1
3L	25493344	25497583	1
3L	25497613	25501446	1
3L	25501752	25502020	1
3L	25502054	25502297	1
3L	25502300	25502512	1
3L	25502532	25502632	1
3L	25503107	25504623	1
3L	25505428	25505671	1
3L	25505695	25505884	1
3L	25506063	25506553	1
3L	25507181	25507390	1
3L	25508645	25508753	1
3L	25508981	25519873	1
3L	25520154	25520462	1
3L	25520558	25520740	1
3L	25520934	25521001	1
3L	25521042	25521241	1
3L	25521602	25521789	1
3L	25523173	25523277	1
3L	25524108	25524218	1
3L	25524220	25524312	1
3L	25524692	25524888	1
3L	25525067	25525546	1
3L	25525765	25525835	1
3L	25526020	25526092	1
3L	25526374	25526554	1
3L	25531813	25531883	1
3L	25532388	25532755	1
3L	25534445	25534644	1
3L	25534694	25534891	1
3L	25537404	25538012	1
3L	25551125	25551704	1
3L	25551776	25551967	1
3L	25552119	25553486	1
3L	25553503	25554157	1
3L	25554159	25554896	1
3L	25554923	25555342	1
3L	25555372	25557762	1
3L	25559580	25559667	1
3L	25566820	25566984	1
3L	25567595	25567758	1
3L	25574211	25574363	1
3L	25574925	25575082	1
3L	25582155	25582210	1
3L	25586341	25586494	1
3L	25588712	25588883	1
3L	25598090	25598291	1
3L	25598689	25598788	1
3L	25599230	25599401	1
3L	25599484	25600072	1
3L	25600801	25601221	1
3L	25601810	25601996	1
3L	25602132	25602364	1
3L	25603578	25608451	1
3L	25608550	25608617	1
3L	25608621	25608817	1
3L	25609229	25609733	1
3L	25609832	25610721	1
3L	25610948	25611257	1
3L	25611275	25611466	1
3L	25611517	25611730	1
3L	25612060	25612239	1
3L	25612452	25612642	1
3L	25612867	25613080	1
3L	25614101	25614287	1
3L	25615243	25615419	1
3L	25615607	25615783	1
3L	25616010	25616182	1
3L	25616483	25616534	1
3L	25617247	25617420	1
3L	25617570	25617752	1
3L	25617790	25617967	1
3L	25618066	25618244	1
3L	25618509	25618678	1
3L	25622115	25628541	1
3L	25632378	25632444	1
3L	25632449	25632573	1
3L	25633080	25633938	1
3L	25633946	25638106	1
3L	25639002	25639073	1
3L	25639649	25639816	1
3L	25642584	25642697	1
3L	25648785	25648946	1
3L	25654735	25654915	1
3L	25656135	25656307	1
3L	25658500	25658612	1
3L	25658680	25658777	1
3L	25659339	25659505	1
3L	25659820	25659985	1
3L	25661205	25661266	1
3L	25661833	25661898	1
3L	25662039	25662219	1
3L	25662479	25665924	1
3L	25665925	25666308	1
3L	25666361	25670372	1
3L	25670392	25671576	1
3L	25671714	25672629	1
3L	25672639	25678411	1
3L	25678455	25678639	1
3L	25683680	25683853	1
3L	25687093	25687260	1
3L	25687339	25687555	1
3L	25688416	25688567	1
3L	25688585	25688773	1
3L	25689062	25689264	1
3L	25689564	25689753	1
3L	25689813	25690056	1
3L	25690102	25690295	1
3L	25690332	25690538	1
3L	25690674	25690961	1
3L	25690964	25691023	1
3L	25691267	25691634	1
3L	25691776	25692432	1
3L	25692483	25692989	1
3L	25693278	25693611	1
3L	25693768	25694607	1
3L	25694675	25696420	1
3L	25696641	25696983	1
3L	25697631	25697797	1
3L	25698715	25698893	1
3L	25698973	25699149	1
3L	25701914	25703740	1
3L	25704701	25704879	1
3L	25707229	25711588	1
3L	25711630	25711845	1
3L	25716883	25717069	1
3L	25720303	25720536	1
3L	25720550	25720642	1
3L	25720727	25721219	1
3L	25721476	25721663	1
3L	25721981	25722498	1
3L	25722861	25723126	1
3L	25723605	25723668	1
3L	25723755	25723906	1
3L	25724300	25724427	1
3L	25724979	25725053	1
3L	25725119	25725648	1
3L	25725656	25726375	1
3L	25726460	25726642	1
3L	25726726	25727273	1
3L	25727411	25727596	1
3L	25727691	25727905	1
3L	25727922	25728848	1
3L	25728910	25731572	1
3L	25734112	25734276	1
3L	25736420	25736613	1
3L	25738801	25738954	1
3L	25742638	25742886	1
3L	25745134	25745287	1
3L	25747435	25747967	1
3L	25748047	25749599	1
3L	25749722	25751557	1
3L	25751601	25765531	1
3L	25765755	25769940	1
3L	25769944	25770505	1
3L	25770572	25771782	1
3L	25771897	25772099	1
3L	25772147	25772204	1
3L	25772213	25772462	1
3L	25772464	25773318	1
3L	25773326	25774190	1
3L	25774719	25774782	1
3L	25775077	25775304	1
3L	25775546	25775664	1
3L	25775939	25776207	1
3L	25776561	25776761	1
3L	25776898	25777078	1
3L	25779233	25779326	1
3L	25779481	25779568	1
3L	25782868	25783278	1
3L	25783292	25783668	1
3L	25784806	25784876	1
3L	25785100	25785278	1
3L	25789826	25790245	1
3L	25790306	25790553	1
3L	25790616	25790850	1
3L	25792848	25793455	1
3L	25793609	25793743	1
3L	25793780	25793967	1
3L	25794449	25794507	1
3L	25794508	25794697	1
3L	25794722	25794969	1
3L	25795163	25795496	1
3L	25795519	25795853	1
3L	25796029	25796268	1
3L	25796356	25796550	1
3L	25796713	25797068	1
3L	25797284	25797471	1
3L	25797497	25797691	1
3L	25797778	25800098	1
3L	25800160	25800754	1
3L	25801367	25801430	1
3L	25801555	25801747	1
3L	25801803	25802404	1
3L	25802428	25803178	1
3L	25804112	25804314	1
3L	25805386	25805533	1
3L	25805641	25810430	1
3L	25811155	25811658	1
3L	25812248	25812622	1
3L	25812655	25812913	1
3L	25812949	25813234	1
3L	25813247	25813451	1
3L	25813661	25813897	1
3L	25813933	25814958	1
3L	25815127	25815311	1
3L	25815344	25815689	1
3L	25815722	25815797	1
3L	25815835	25816028	1
3L	25816233	25819055	1
3L	25819413	25819464	1
3L	25819624	25819819	1
3L	25819941	25820304	1
3L	25820391	25820586	1
3L	25820896	25820967	1
3L	25821016	25821509	1
3L	25821518	25821776	1
3L	25821828	25822580	1
3L	25822625	25822821	1
3L	25822908	25823272	1
3L	25823981	25824290	1
3L	25824506	25826879	1
3L	25826886	25828642	1
3L	25828795	25829641	1
3L	25831247	25831646	1
3L	25836494	25836678	1
3L	25836876	25837239	1
3L	25837391	25837573	1
3L	25837784	25838070	1
3L	25838110	25855029	1
3L	25855269	25855489	1
3L	25855878	25856055	1
3L	25857655	25857826	1
3L	25862636	25862714	1
3L	25862854	25863030	1
3L	25864113	25864295	1
3L	25868489	25868553	1
3L	25868584	25868683	1
3L	25868873	25868930	1
3L	25869130	25869842	1
3L	25870089	25870267	1
3L	25870294	25870491	1
3L	25870685	25870859	1
3L	25870949	25874539	1
3L	25875854	25878866	1
3L	25878877	25879082	1
3L	25879105	25879410	1
3L	25879413	25880965	1
3L	25880966	25881634	1
3L	25881718	25881950	1
3L	25881955	25882709	1
3L	25882716	25883123	1
3L	25883373	25886243	1
3L	25886265	25886446	1
3L	25886469	25889714	1
3L	25890273	25891049	1
3L	25891065	25891210	1
3L	25892533	25892739	1
3L	25892808	25893115	1
3L	25893147	25893335	1
3L	25893346	25893524	1
3L	25893583	25893676	1
3L	25894442	25894627	1
3L	25894694	25894752	1
3L	25894799	25895002	1
3L	25895843	25896025	1
3L	25896225	25896390	1
3L	25903704	25904020	1
3L	25904863	25904993	1
3L	25905002	25905062	1
3L	25906256	25906488	1
3L	25906504	25906714	1
3L	25906741	25907195	1
3L	25907475	25907665	1
3L	25907750	25907946	1
3L	25908125	25908278	1
3L	25909255	25909315	1
3L	25909470	25910112	1
3L	25910341	25910856	1
3L	25910946	25912401	1
3L	25913218	25913493	1
3L	25913632	25914796	1
3L	25914979	25915033	1
3L	25915040	25915148	1
3L	25922082	25922136	1
3L	25922145	25925947	1
3L	25925979	25927643	1
3L	25927669	25928146	1
3L	25928199	25928892	1
3L	25928919	25928980	1
3L	25929030	25930471	1
3L	25930513	25934132	1
3L	25934777	25935013	1
3L	25936557	25936927	1
3L	25937067	25937236	1
3L	25938545	25938675	1
3L	25938794	25939260	1
3L	25942719	25942890	1
3L	25950110	25950917	1
3L	25951056	25952185	1
3L	25952259	25954261	1
3L	25954283	25954492	1
3L	25954511	25954756	1
3L	25954886	25955007	1
3L	25955341	25955541	1
3L	25955589	25958398	1
3L	25958522	25958635	1
3L	25958718	25959089	1
3L	25959095	25959234	1
3L	25959716	25961139	1
3L	25961367	25961547	1
3L	25961785	25962067	1
3L	25962143	25962310	1
3L	25964559	25964729	1
3L	25964805	25968524	1
3L	25968527	25968927	1
3L	25971318	25971535	1
3L	25974571	25975076	1
3L	25975272	25975427	1
3L	25975482	25976981	1
3L	25977402	25977869	1
3L	25977956	25978336	1
3L	25978435	25979525	1
3L	25979569	25980990	1
3L	25980994	25981805	1
3L	25982193	25982255	1
3L	25982289	25982473	1
3L	25982731	25984510	1
3L	25984538	25984745	1
3L	25984780	25985221	1
3L	25985233	25985610	1
3L	25985641	25987001	1
3L	25987215	25988036	1
3L	25988855	25989869	1
3L	25990547	25990628	1
3L	25992608	25992795	1
3L	25993340	25993538	1
3L	25994174	25994233	1
3L	25995331	25995536	1
3L	25995642	25997189	1
3L	25997354	25997553	1
3L	25997610	25997801	1
3L	25998117	25998232	1
3L	26000106	26003313	1
3L	26003314	26003744	1
3L	26003867	26004062	1
3L	26005051	26005489	1
3L	26006799	26015776	1
3L	26017640	26017758	1
3L	26018697	26019275	1
3L	26020074	26020522	1
3L	26020717	26020987	1
3L	26021103	26021279	1
3L	26021513	26021699	1
3L	26021976	26022185	1
3L	26022236	26023147	1
3L	26023386	26023845	1
3L	26024000	26024179	1
3L	26024267	26024455	1
3L	26024631	26025051	1
3L	26025135	26025339	1
3L	26025539	26025734	1
3L	26025759	26026164	1
3L	26026487	26026699	1
3L	26026736	26027430	1
3L	26028196	26028264	1
3L	26028284	26028374	1
3L	26028586	26028643	1
3L	26029426	26029559	1
3L	26029567	26029622	1
3L	26029640	26030049	1
3L	26030075	26033113	1
3L	26034247	26034419	1
3L	26037537	26037709	1
3L	26038841	26039007	1
3L	26041760	26041872	1
3L	26042312	26043096	1
3L	26043372	26043573	1
3L	26043627	26043799	1
3L	26043970	26044307	1
3L	26044312	26044691	1
3L	26055384	26055921	1
3L	26056041	26058057	1
3L	26058079	26058775	1
3L	26059068	26060709	1
3L	26060892	26061091	1
3L	26061940	26062012	1
3L	26062068	26062162	1
3L	26062178	26062475	1
3L	26062916	26063151	1
3L	26063496	26063687	1
3L	26070046	26070236	1
3L	26070997	26071176	1
3L	26077532	26077701	1
3L	26084781	26084952	1
3L	26085682	26085854	1
3L	26087740	26087906	1
3L	26108969	26109115	1
3L	26111706	26111792	1
3L	26113071	26113168	1
3L	26114460	26114629	1
3L	26114775	26114942	1
3L	26115350	26115518	1
3L	26124094	26124263	1
3L	26125982	26127221	1
3L	26127335	26132672	1
3L	26132931	26133526	1
3L	26133550	26134778	1
3L	26135048	26135323	1
3L	26135547	26135755	1
3L	26135779	26135983	1
3L	26136031	26136380	1
3L	26136509	26136706	1
3L	26137231	26137328	1
3L	26139336	26139805	1
3L	26143117	26143314	1
3L	26143809	26143996	1
3L	26144218	26144348	1
3L	26146563	26146742	1
3L	26149157	26149215	1
3L	26149218	26149287	1
3L	26149630	26149806	1
3L	26150221	26150402	1
3L	26150854	26151024	1
3L	26151108	26151429	1
3L	26151447	26151629	1
3L	26151811	26152000	1
3L	26152141	26152220	1
3L	26152393	26152665	1
3L	26152885	26153088	1
3L	26154593	26155436	1
3L	26155488	26155646	1
3L	26155849	26156023	1
3L	26158440	26158498	1
3L	26158820	26159000	1
3L	26159152	26159270	1
3L	26159564	26160118	1
3L	26163161	26163343	1
3L	26165734	26166024	1
3L	26166027	26166414	1
3L	26167047	26167128	1
3L	26167140	26167335	1
3L	26167344	26167895	1
3L	26168143	26168290	1
3L	26168777	26168855	1
3L	26168874	26169000	1
3L	26169105	26169469	1
3L	26169584	26170009	1
3L	26170429	26170903	1
3L	26171474	26171560	1
3L	26171664	26171748	1
3L	26171981	26172094	1
3L	26172524	26172697	1
3L	26172821	26172908	1
3L	26172969	26173077	1
3L	26175096	26175372	1
3L	26176138	26176205	1
3L	26176227	26176354	1
3L	26176859	26177143	1
3L	26177556	26178158	1
3L	26178388	26178585	1
3L	26178815	26179197	1
3L	26196748	26197192	1
3L	26210364	26210578	1
3L	26210662	26211022	1
3L	26212920	26213091	1
3L	26216663	26216892	1
3L	26217802	26218662	1
3L	26218705	26219221	1
3L	26222788	26224643	1
3L	26224913	26225216	1
3L	26225434	26225749	1
3L	26225794	26229080	1
3L	26229121	26229332	1
3L	26229340	26230424	1
3L	26230431	26230523	1
3L	26230563	26231287	1
3L	26231474	26231651	1
3L	26232212	26232303	1
3L	26234687	26234852	1
3L	26236791	26236870	1
3L	26237804	26237995	1
3L	26241403	26241565	1
3L	26242243	26242442	1
3L	26242807	26242980	1
3L	26243405	26243582	1
3L	26245082	26245360	1
3L	26245582	26246064	1
3L	26251788	26251982	1
3L	26252111	26252432	1
3L	26252972	26253149	1
3L	26258111	26258288	1
3L	26258397	26258930	1
3L	26259099	26259273	1
3L	26259374	26259507	1
3L	26260238	26261839	1
3L	26262495	26263110	1
3L	26263402	26263873	1
3L	26264001	26264272	1
3L	26265936	26266115	1
3L	26267294	26267446	1
3L	26267977	26269812	1
3L	26269942	26270421	1
3L	26270586	26270906	1
3L	26271722	26271892	1
3L	26272024	26272245	1
3L	26276839	26278380	1
3L	26278496	26278688	1
3L	26281399	26282349	1
3L	26283164	26283362	1
3L	26283717	26283921	1
3L	26286343	26286523	1
3L	26287360	26287504	1
3L	26287525	26289260	1
3L	26289998	26291429	1
3L	26294381	26295035	1
3L	26295770	26296332	1
3L	26297141	26297334	1
3L	26299364	26299744	1
3L	26299817	26300049	1
3L	26300205	26301324	1
3L	26301622	26301817	1
3L	26303042	26303109	1
3L	26303214	26303415	1
3L	26303500	26304954	1
3L	26305610	26306160	1
3L	26308119	26308170	1
3L	26309148	26309315	1
3L	26309497	26310186	1
3L	26310807	26310996	1
3L	26312961	26313138	1
3L	26313156	26313328	1
3L	26313483	26313575	1
3L	26314933	26315110	1
3L	26315368	26317101	1
3L	26317130	26317633	1
3L	26317946	26318129	1
3L	26318199	26318253	1
3L	26318729	26318859	1
3L	26318860	26318929	1
3L	26319261	26319356	1
3L	26321367	26321549	1
3L	26324613	26325978	1
3L	26326132	26326659	1
3L	26327115	26327225	1
3L	26327226	26327464	1
3L	26327490	26327569	1
3L	26327570	26327640	1
3L	26327849	26329099	1
3L	26329197	26329382	1
3L	26336581	26336666	1
3L	26342466	26342516	1
3L	26342566	26342640	1
3L	26343149	26345396	1
3L	26348221	26348390	1
3L	26348942	26349121	1
3L	26349647	26352001	1
3L	26355045	26355618	1
3L	26356273	26356772	1
3L	26356879	26357259	1
3L	26357578	26357786	1
3L	26357929	26358117	1
3L	26358997	26359327	1
3L	26360440	26360608	1
3L	26361126	26361292	1
3L	26361972	26362028	1
3L	26365841	26366254	1
3L	26366281	26366485	1
3L	26366588	26367110	1
3L	26369060	26369110	1
3L	26370091	26370281	1
3L	26370467	26372241	1
3L	26372474	26377710	1
3L	26377958	26378149	1
3L	26378178	26378357	1
3L	26378550	26378720	1
3L	26379890	26380062	1
3L	26380164	26380333	1
3L	26380423	26380693	1
3L	26380865	26381057	1
3L	26381568	26381747	1
3L	26384748	26384930	1
3L	26385879	26386170	1
3L	26386209	26386760	1
3L	26387275	26387495	1
3L	26387561	26387649	1
3L	26395208	26395319	1
3L	26395477	26395643	1
3L	26403367	26403471	1
3L	26412748	26412924	1
3L	26416979	26417151	1
3L	26460733	26460912	1
3L	26465715	26465972	1
3L	26466008	26466180	1
3L	26466759	26466969	1
3L	26468101	26468264	1
3L	26470470	26470663	1
3L	26472490	26472675	1
3L	26472716	26472918	1
3L	26476243	26476428	1
3L	26476494	26476675	1
3L	26477398	26477600	1
3L	26477629	26480175	1
3L	26480191	26480254	1
3L	26480323	26480664	1
3L	26481004	26481321	1
3L	26481633	26481812	1
3L	26482268	26482484	1
3L	26483037	26483303	1
3L	26483488	26483612	1
3L	26483801	26483975	1
3L	26488903	26489080	1
3L	26489301	26489477	1
3L	26490302	26490479	1
3L	26491891	26492083	1
3L	26494029	26494119	1
3L	26494342	26494394	1
3L	26494503	26495000	1
3L	26495068	26495140	1
3L	26495393	26495619	1
3L	26495872	26495933	1
3L	26496124	26496264	1
3L	26497025	26497130	1
3L	26497681	26497911	1
3L	26498009	26498184	1
3L	26498385	26498495	1
3L	26500424	26500549	1
3L	26500805	26501037	1
3L	26501150	26501330	1
3L	26501377	26501475	1
3L	26501513	26501776	1
3L	26502895	26503108	1
3L	26503735	26503932	1
3L	26504168	26504266	1
3L	26505318	26505416	1
3L	26506537	26506711	1
3L	26506997	26507069	1
3L	26510489	26510660	1
3L	26510821	26513298	1
3L	26514027	26514098	1
3L	26514274	26514398	1
3L	26514754	26514825	1
3L	26514838	26514958	1
3L	26514992	26515176	1
3L	26515397	26515742	1
3L	26517075	26517430	1
3L	26517653	26517755	1
3L	26518152	26518231	1
3L	26518431	26518631	1
3L	26518797	26518889	1
3L	26519029	26519115	1
3L	26519317	26519510	1
3L	26519695	26519932	1
3L	26519993	26520180	1
3L	26520323	26520525	1
3L	26520558	26520975	1
3L	26520984	26521325	1
3L	26521343	26522121	1
3L	26523996	26524177	1
3L	26526506	26526674	1
3L	26527991	26528110	1
3L	26528301	26528494	1
3L	26529979	26530357	1
3L	26532235	26532417	1
3L	26532799	26532876	1
3L	26533443	26533494	1
3L	26533501	26533822	1
3L	26534915	26535087	1
3L	26536607	26536769	1
3L	26537620	26537800	1
3L	26538063	26538507	1
3L	26538670	26541971	1
3L	26543221	26543415	1
3L	26543418	26544759	1
3L	26544856	26545236	1
3L	26545256	26545332	1
3L	26545379	26545438	1
3L	26545480	26545776	1
3L	26545850	26546045	1
3L	26546201	26546261	1
3L	26546332	26547061	1
3L	26547070	26548493	1
3L	26548658	26549504	1
3L	26550320	26550523	1
3L	26551079	26551154	1
3L	26551440	26551653	1
3L	26551694	26554212	1
3L	26554342	26554415	1
3L	26555246	26555428	1
3L	26555683	26555816	1
3L	26556007	26556144	1
3L	26559498	26559577	1
3L	26560396	26560576	1
3L	26562899	26563112	1
3L	26563228	26563502	1
3L	26565786	26566019	1
3L	26566273	26566392	1
3L	26566710	26567998	1
3L	26568514	26568801	1
3L	26569626	26569858	1
3L	26570056	26570268	1
3L	26570483	26570659	1
3L	26628923	26629105	1
3L	26629857	26629934	1
3L	26632014	26632133	1
3L	26637923	26638391	1
3L	26640902	26641096	1
3L	26641694	26642282	1
3L	26642289	26643697	1
3L	26643698	26645641	1
3L	26645879	26647595	1
3L	26655698	26655863	1
3L	26655885	26660175	1
3L	26660586	26666437	1
3L	26666798	26666867	1
3L	26667280	26667456	1
3L	26667617	26671148	1
3L	26671372	26671585	1
3L	26675109	26675274	1
3L	26676316	26676509	1
3L	26677754	26677892	1
3L	26681841	26682030	1
3L	26684973	26685144	1
3L	26694277	26698505	1
3L	26698506	26699638	1
3L	26699667	26702066	1
3L	26702683	26702808	1
3L	26703092	26704552	1
3L	26709654	26711361	1
3L	26711990	26712783	1
3L	26712801	26714266	1
3L	26714295	26714520	1
3L	26714730	26714942	1
3L	26714947	26715238	1
3L	26715274	26715938	1
3L	26715971	26716300	1
3L	26716376	26716794	1
3L	26716833	26719216	1
3L	26719855	26719956	1
3L	26720017	26720259	1
3L	26720534	26723256	1
3L	26723373	26723446	1
3L	26723469	26723636	1
3L	26723768	26723979	1
3L	26724008	26724563	1
3L	26724653	26724951	1
3L	26725007	26725235	1
3L	26725559	26725693	1
3L	26726427	26726611	1
3L	26726964	26727018	1
3L	26727328	26727487	1
3L	26727493	26727951	1
3L	26728875	26729532	1
3L	26731610	26731688	1
3L	26732104	26732293	1
3L	26733239	26733413	1
3L	26735862	26741544	1
3L	26741546	26744136	1
3L	26744148	26746791	1
3L	26746828	26746884	1
3L	26746886	26747671	1
3L	26747698	26747971	1
3L	26749339	26749495	1
3L	26749776	26750016	1
3L	26750028	26750336	1
3L	26750388	26750616	1
3L	26750786	26750843	1
3L	26750844	26751117	1
3L	26751172	26751666	1
3L	26751697	26752602	1
3L	26753320	26753732	1
3L	26753933	26754194	1
3L	26754239	26756148	1
3L	26756238	26756296	1
3L	26756552	26757105	1
3L	26758189	26758292	1
3L	26758512	26758617	1
3L	26759085	26759157	1
3L	26759173	26759268	1
3L	26759580	26759710	1
3L	26759784	26759838	1
3L	26759847	26759949	1
3L	26762028	26762359	1
3L	26762389	26763622	1
3L	26763674	26764685	1
3L	26764764	26764979	1
3L	26765614	26766047	1
3L	26776931	26777029	1
3L	26777339	26777509	1
3L	26779156	26779322	1
3L	26785341	26785514	1
3L	26790068	26790238	1
3L	26790573	26790709	1
3L	26790749	26790964	1
3L	26792888	26792944	1
3L	26796024	26796190	1
3L	26796259	26796447	1
3L	26799919	26800328	1
3L	26800414	26800627	1
3L	26800693	26801962	1
3L	26801970	26802688	1
3L	26803424	26803814	1
3L	26804175	26805079	1
3L	26805232	26805538	1
3L	26805574	26806276	1
3L	26806278	26806527	1
3L	26807380	26807482	1
3L	26807677	26807992	1
3L	26808796	26808974	1
3L	26809016	26809197	1
3L	26810420	26810592	1
3L	26811332	26811507	1
3L	26811870	26812047	1
3L	26813466	26813636	1
3L	26813971	26814151	1
3L	26814428	26814604	1
3L	26814726	26814854	1
3L	26815430	26815633	1
3L	26815814	26816022	1
3L	26816532	26816823	1
3L	26817077	26820371	1
3L	26820397	26820667	1
3L	26820862	26822309	1
3L	26824698	26824971	1
3L	26825896	26826057	1
3L	26826660	26826838	1
3L	26827031	26827231	1
3L	26827692	26827869	1
3L	26829123	26829306	1
3L	26829410	26829593	1
3L	26829639	26830578	1
3L	26830579	26830841	1
3L	26830842	26831033	1
3L	26832370	26832561	1
3L	26832762	26835986	1
3L	26836005	26836510	1
3L	26836519	26836690	1
3L	26843887	26844760	1
3L	26844832	26844916	1
3L	26844924	26847700	1
3L	26847760	26849151	1
3L	26849160	26849432	1
3L	26849598	26849826	1
3L	26849881	26849992	1
3L	26850219	26854494	1
3L	26855824	26856009	1
3L	26857864	26858057	1
3L	26860963	26861157	1
3L	26861607	26861797	1
3L	26861800	26861949	1
3L	26863246	26866569	1
3L	26866610	26866924	1
3L	26867108	26867327	1
3L	26867723	26867909	1
3L	26868122	26868584	1
3L	26868834	26869062	1
3L	26869068	26877310	1
3L	26877319	26877465	1
3L	26878610	26878688	1
3L	26880213	26880318	1
3L	26938726	26938911	1
3L	26940154	26940332	1
3L	26940344	26940426	1
3L	26941548	26941610	1
3L	27011130	27011299	1
3L	27024631	27024799	1
3L	27068346	27068520	1
3L	27073001	27073056	1
3L	27073706	27073840	1
3L	27076204	27076380	1
3L	27080022	27080154	1
3L	27080198	27080407	1
3L	27081689	27081866	1
3L	27082225	27082427	1
3L	27082566	27090210	1
3L	27090270	27090449	1
3L	27090608	27090816	1
3L	27091016	27091159	1
3L	27091203	27093510	1
3L	27093518	27095122	1
3L	27095153	27095371	1
3L	27102273	27103242	1
3L	27103243	27103318	1
3L	27103342	27106739	1
3L	27106867	27107775	1
3L	27109578	27109756	1
3L	27111241	27111413	1
3L	27111831	27113483	1
3L	27113543	27116368	1
3L	27116428	27117353	1
3L	27119058	27119147	1
3L	27119888	27120021	1
3L	27120876	27120976	1
3L	27121208	27121378	1
3L	27123045	27123242	1
3L	27123455	27126089	1
3L	27126156	27126462	1
3L	27126798	27127004	1
3L	27127010	27127072	1
3L	27127133	27127313	1
3L	27127633	27127702	1
3L	27127706	27127773	1
3L	27127853	27128132	1
3L	27128151	27128427	1
3L	27128428	27128621	1
3L	27129112	27129731	1
3L	27130124	27131440	1
3L	27132198	27132310	1
3L	27132373	27137605	1
3L	27138337	27138537	1
3L	27138943	27139064	1
3L	27139827	27142753	1
3L	27142757	27143564	1
3L	27144954	27145119	1
3L	27145746	27151633	1
3L	27153034	27153226	1
3L	27153852	27154355	1
3L	27154745	27154924	1
3L	27155495	27159154	1
3L	27159159	27172980	1
3L	27173064	27178345	1
3L	27178454	27178590	1
3L	27178762	27178899	1
3L	27178985	27180081	1
3L	27181943	27182131	1
3L	27182654	27182719	1
3L	27182737	27182918	1
3L	27183501	27183571	1
3L	27183768	27183875	1
3L	27184131	27184220	1
3L	27185024	27185081	1
3L	27185191	27185496	1
3L	27185599	27185803	1
3L	27186105	27186293	1
3L	27190944	27191159	1
3L	27192140	27192323	1
3L	27195510	27195626	1
3L	27196983	27197250	1
3L	27197311	27197470	1
3L	27197499	27197576	1
3L	27197583	27197846	1
3L	27197884	27198042	1
3L	27200806	27200976	1
3L	27205320	27205484	1
3L	27209070	27209258	1
3L	27217548	27217687	1
3L	27220168	27220469	1
3L	27220852	27221042	1
3L	27222376	27222546	1
3L	27224705	27224871	1
3L	27232245	27232420	1
3L	27236891	27237062	1
3L	27240664	27240846	1
3L	27243951	27244154	1
3L	27245407	27245572	1
3L	27246902	27247367	1
3L	27253029	27253692	1
3L	27254015	27254269	1
3L	27254521	27254827	1
3L	27255202	27255454	1
3L	27255555	27255799	1
3L	27255956	27256555	1
3L	27256741	27256891	1
3L	27257034	27257236	1
3L	27257406	27257611	1
3L	27258970	27259140	1
3L	27259259	27259448	1
3L	27259642	27259855	1
3L	27259863	27260247	1
3L	27260403	27260551	1
3L	27260656	27263180	1
3L	27263256	27271855	1
3L	27271903	27272174	1
3L	27272242	27273104	1
3L	27273216	27273850	1
3L	27273889	27274604	1
3L	27274611	27274736	1
3L	27274768	27274895	1
3L	27274897	27274982	1
3L	27275375	27276009	1
3L	27276339	27276441	1
3L	27277054	27277411	1
3L	27277485	27277721	1
3L	27277770	27280011	1
3L	27280020	27280386	1
3L	27280398	27281828	1
3L	27281936	27286437	1
3L	27286458	27286823	1
3L	27287036	27288357	1
3L	27288903	27289184	1
3L	27289364	27289537	1
3L	27289782	27295122	1
3L	27295382	27296036	1
3L	27296052	27296139	1
3L	27296664	27298640	1
3L	27321135	27321198	1
3L	27321955	27322031	1
3L	27322705	27324319	1
3L	27324335	27325660	1
3L	27325661	27326579	1
3L	27327195	27327391	1
3L	27327515	27328447	1
3L	27328481	27329868	1
3L	27329895	27340755	1
3L	27340789	27341253	1
3L	27341294	27341724	1
3L	27341732	27341993	1
3L	27342149	27342363	1
3L	27345225	27345517	1
3L	27345571	27345787	1
3L	27345794	27346788	1
3L	27346789	27347690	1
3L	27347691	27356142	1
3L	27357125	27358284	1
3L	27358346	27370546	1
3L	27372142	27372320	1
3L	27374086	27374136	1
3L	27374716	27374897	1
3L	27375182	27375362	1
3L	27377174	27377754	1
3L	27378027	27382306	1
3L	27382649	27382913	1
3L	27383046	27383550	1
3L	27383557	27383671	1
3L	27383703	27384334	1
3L	27384426	27385558	1
3L	27385560	27385831	1
3L	27386055	27386257	1
3L	27386394	27386927	1
3L	27387136	27387315	1
3L	27387442	27387518	1
3L	27387582	27387639	1
3L	27388884	27389063	1
3L	27389077	27389394	1
3L	27389575	27389667	1
3L	27389701	27389828	1
3L	27390129	27390498	1
3L	27390660	27391108	1
3L	27391210	27392436	1
3L	27392516	27392597	1
3L	27393781	27393950	1
3L	27394743	27394877	1
3L	27395180	27395268	1
3L	27395299	27395615	1
3L	27395691	27398590	1
3L	27398610	27398683	1
3L	27398692	27398919	1
3L	27399115	27399332	1
3L	27399369	27399551	1
3L	27399602	27399669	1
3L	27399849	27399981	1
3L	27400251	27400430	1
3L	27400450	27400526	1
3L	27400695	27400857	1
3L	27403094	27403161	1
3L	27403934	27404076	1
3L	27406397	27406587	1
3L	27409279	27409496	1
3L	27411007	27411810	1
3L	27411849	27411916	1
3L	27411966	27415366	1
3L	27416386	27416484	1
3L	27420343	27423066	1
3L	27423765	27423949	1
3L	27424754	27424933	1
3L	27437768	27437952	1
3L	27440604	27440810	1
3L	27445341	27445513	1
3L	27447373	27447660	1
3L	27447859	27448037	1
3L	27465835	27466047	1
3L	27467649	27467824	1
3L	27469494	27469661	1
3L	27475373	27475536	1
3L	27514031	27514213	1
3L	27589757	27589949	1
3L	27590486	27590657	1
3L	27591329	27591409	1
3L	27593236	27593415	1
3L	27598503	27598677	1
3L	27599160	27599336	1
3L	27600635	27601015	1
3L	27603226	27603393	1
3L	27604543	27604712	1
3L	27604773	27604911	1
3L	27608171	27608367	1
3L	27609486	27609661	1
3L	27609673	27609844	1
3L	27615101	27615227	1
3L	27617493	27617684	1
3L	27618353	27618526	1
3L	27621246	27621411	1
3L	27629807	27629972	1
3L	27644282	27644449	1
3L	27645782	27645961	1
3L	27647517	27647709	1
3L	27650433	27650623	1
3L	27650644	27650856	1
3L	27651809	27651991	1
3L	27652050	27652253	1
3L	27652779	27653581	1
3L	27653693	27653868	1
3L	27654166	27656048	1
3L	27656317	27656645	1
3L	27658156	27658334	1
3L	27660057	27660249	1
3L	27660275	27664027	1
3L	27664028	27666817	1
3L	27666818	27667070	1
3L	27667077	27667149	1
3L	27667277	27667820	1
3L	27667823	27668997	1
3L	27669297	27669725	1
3L	27669794	27671475	1
3L	27671476	27671834	1
3L	27671863	27672303	1
3L	27672370	27672560	1
3L	27672973	27673484	1
3L	27673642	27673858	1
3L	27674693	27675123	1
3L	27675729	27675779	1
3L	27677186	27677368	1
3L	27678131	27680616	1
3L	27680657	27682079	1
3L	27683095	27683271	1
3L	27699788	27699897	1
3L	27701190	27701365	1
3L	27710371	27710538	1
3L	27713728	27720175	1
3L	27720193	27720572	1
3L	27720591	27721370	1
3L	27722941	27723109	1
3L	27723175	27723537	1
3L	27724039	27724210	1
3L	27725868	27726041	1
3L	27727247	27727689	1
3L	27728545	27729578	1
3L	27729861	27730045	1
3L	27730050	27730292	1
3L	27731120	27731638	1
3L	27731738	27731806	1
3L	27731810	27732135	1
3L	27737310	27737486	1
3L	27738420	27738587	1
3L	27739566	27739692	1
3L	27740410	27740643	1
3L	27740957	27741147	1
3L	27741151	27741347	1
3L	27741412	27741603	1
3L	27741687	27741889	1
3L	27742166	27742534	1
3L	27743181	27743410	1
3L	27743420	27743577	1
3L	27761834	27762024	1
3L	27762558	27762742	1
3L	27765954	27766129	1
3L	27766595	27766765	1
3L	27766901	27767046	1
3L	27767211	27767396	1
3L	27770615	27770799	1
3L	27772409	27772656	1
3L	27772728	27773095	1
3L	27775056	27775381	1
3L	27775420	27775590	1
3L	27785172	27785246	1
3L	27786653	27786711	1
3L	27791402	27791569	1
3L	27792385	27792462	1
3L	27796640	27796755	1
3L	27798947	27799019	1
3L	27812998	27813168	1
3L	27814862	27815044	1
3L	27858058	27866249	1
3L	27866254	27866444	1
3L	27868228	27868405	1
3L	27868601	27868790	1
3L	27868889	27869180	1
3L	27869313	27869501	1
3L	27871664	27871833	1
3L	27872139	27872223	1
3L	27873195	27873380	1
3L	27873712	27873883	1
3L	27873924	27874406	1
3L	27874457	27875857	1
3L	27876275	27876681	1
3L	27876931	27877089	1
3L	27878173	27878278	1
3L	27878329	27878499	1
3L	27880422	27880527	1
3L	27881706	27881878	1
3L	27882677	27882940	1
3L	27883213	27883536	1
3L	27886996	27887170	1
3L	27887210	27887379	1
3L	27887461	27887516	1
3L	27887563	27887760	1
3L	27887806	27887976	1
3L	27889220	27889402	1
3L	27890015	27890188	1
3L	27893199	27893390	1
3L	27894062	27894150	1
3L	27894308	27894482	1
3L	27894565	27894622	1
3L	27894662	27894732	1
3L	27894903	27895205	1
3L	27895281	27895463	1
3L	27896153	27896286	1
3L	27896362	27896978	1
3L	27896979	27897922	1
3L	27897974	27898458	1
3L	27898490	27898680	1
3L	27899150	27899205	1
3L	27899561	27899736	1
3L	27900032	27900245	1
3L	27901399	27901699	1
3L	27901837	27902014	1
3L	27902209	27902407	1
3L	27902547	27903028	1
3L	27903044	27904124	1
3L	27904194	27904446	1
3L	27906401	27906577	1
3L	27906643	27911429	1
3L	27911491	27912238	1
3L	27912244	27913981	1
3L	27914948	27915114	1
3L	27915389	27915462	1
3L	27915526	27915721	1
3L	27915950	27916138	1
3L	27916674	27916995	1
3L	27917113	27917283	1
3L	27917666	27917836	1
3L	27917999	27918167	1
3L	27919219	27919400	1
3L	27920452	27920512	1
3L	27921175	27921348	1
3L	27923308	27923637	1
3L	27924364	27924531	1
3L	27931287	27931466	1
3L	27935966	27936147	1
3L	27947427	27947580	1
3L	27953150	27953317	1
3L	27956139	27956298	1
3L	27958105	27958282	1
3L	27961490	27961668	1
3L	27965360	27965523	1
3L	27965950	27966271	1
3L	27966808	27980755	1
3L	27985330	27989287	1
3L	27989534	27989870	1
3L	27990078	27993930	1
3L	27994437	27994560	1
3L	27998013	27998219	1
3L	27998400	27998726	1
3L	27998916	27999372	1
3L	28000083	28000278	1
3L	28000678	28000772	1
3L	28000928	28001176	1
3L	28001523	28001767	1
3L	28002018	28004144	1
3L	28004161	28008617	1
3L	28008636	28008739	1
3L	28009065	28009676	1
3L	28009707	28014197	1
3L	28014235	28014327	1
3L	28014424	28014669	1
3L	28014692	28015256	1
3L	28015257	28015471	1
3L	28052446	28052499	1
3L	28052557	28052614	1
3L	28052665	28052880	1
3L	28052900	28053111	1
3L	28053124	28053356	1
3L	28053467	28053830	1
3L	28053932	28056511	1
3L	28056704	28057037	1
3L	28059506	28059691	1
3L	28064645	28064805	1
3L	28065630	28065759	1
3L	28065774	28065948	1
3L	28066968	28067146	1
3L	28067308	28067390	1
3L	28069995	28070047	1
3L	28070460	28070627	1
3L	28071845	28072007	1
3L	28075860	28076033	1
3L	28076131	28076231	1
3L	28079695	28079863	1
3L	28079959	28080079	1
3L	28085119	28085279	1
3L	28085389	28085587	1
3L	28085797	28086175	1
3L	28086300	28086569	1
3L	28086576	28087026	1
3L	28087113	28087775	1
3L	28087917	28088498	1
3L	28088731	28088923	1
3L	28089506	28089703	1
3L	28089830	28090037	1
3L	28090055	28090502	1
3L	28091085	28093969	1
3L	28093984	28094170	1
3L	28094411	28094585	1
3L	28097121	28097298	1
3L	28097908	28097973	1
3L	28100402	28100584	1
3L	28100685	28100961	1
3L	28101262	28101523	1
3L	28101529	28101867	1
3L	28102079	28102359	1
3L	28103247	28103526	1
3L	28105067	28105133	1
3L	28105449	28105625	1
3L	28105667	28105867	1
3L	28108875	28109148	1
3L	28109409	28109574	1
3L	28109951	28110028	1
