3R	468	522	1
3R	739	928	1
3R	1347	1512	1
3R	1934	2019	1
3R	2120	2184	1
3R	2362	2513	1
3R	3667	3836	1
3R	4173	4239	1
3R	4975	5145	1
3R	5342	5651	1
3R	8708	8891	1
3R	9703	9871	1
3R	10311	10485	1
3R	10506	10738	1
3R	11205	11484	1
3R	11988	12094	1
3R	12541	12612	1
3R	16790	16844	1
3R	19370	19462	1
3R	19722	19865	1
3R	20612	20768	1
3R	22617	22710	1
3R	23130	23233	1
3R	26556	26609	1
3R	27399	27460	1
3R	28164	28227	1
3R	28714	28818	1
3R	29023	29141	1
3R	29339	29523	1
3R	29533	29602	1
3R	30099	30373	1
3R	33302	33487	1
3R	33715	33854	1
3R	33873	34002	1
3R	34194	34257	1
3R	34272	34459	1
3R	34465	34894	1
3R	35236	35358	1
3R	36059	36184	1
3R	36239	36323	1
3R	37032	37646	1
3R	37655	37715	1
3R	37775	37923	1
3R	38352	38502	1
3R	38660	38728	1
3R	38903	38997	1
3R	39341	39469	1
3R	40456	40672	1
3R	40689	40773	1
3R	41287	41423	1
3R	41787	41888	1
3R	42495	42609	1
3R	43338	43403	1
3R	44060	44193	1
3R	50393	50588	1
3R	50807	50883	1
3R	50898	51185	1
3R	51449	51499	1
3R	53025	53230	1
3R	55594	55726	1
3R	57355	57413	1
3R	61853	62010	1
3R	63024	63146	1
3R	64470	64594	1
3R	64733	64866	1
3R	66948	67255	1
3R	67266	67393	1
3R	67394	67685	1
3R	67854	68089	1
3R	69325	69529	1
3R	70432	70930	1
3R	71163	71339	1
3R	71414	71478	1
3R	71718	71821	1
3R	74770	74852	1
3R	75137	75247	1
3R	75874	76130	1
3R	76610	76662	1
3R	76915	77060	1
3R	77066	77155	1
3R	77202	77307	1
3R	77318	77735	1
3R	77777	77829	1
3R	77854	77974	1
3R	79200	79275	1
3R	79542	79632	1
3R	79664	79724	1
3R	79763	79817	1
3R	79931	80039	1
3R	81084	81143	1
3R	81798	81856	1
3R	81975	82069	1
3R	83233	83481	1
3R	83601	83701	1
3R	83702	83770	1
3R	83948	84270	1
3R	84772	84953	1
3R	85129	85220	1
3R	85699	85835	1
3R	86042	86157	1
3R	86171	86457	1
3R	86487	89017	1
3R	89297	89502	1
3R	89577	89634	1
3R	90005	90173	1
3R	90454	90624	1
3R	94686	94738	1
3R	96279	96448	1
3R	96536	96663	1
3R	96665	96734	1
3R	96959	97154	1
3R	97521	97687	1
3R	97806	98234	1
3R	98568	98730	1
3R	98963	99066	1
3R	99080	99293	1
3R	99648	100326	1
3R	101749	101908	1
3R	102957	103047	1
3R	103337	103711	1
3R	106751	107066	1
3R	108052	108226	1
3R	109300	109374	1
3R	112049	112210	1
3R	113418	113586	1
3R	122346	122476	1
3R	123017	123099	1
3R	123318	123378	1
3R	123402	123491	1
3R	123545	123914	1
3R	124070	124316	1
3R	137950	138047	1
3R	139731	140044	1
3R	140343	140629	1
3R	140672	140771	1
3R	141258	141356	1
3R	141375	141472	1
3R	141507	141589	1
3R	141739	141997	1
3R	143165	143262	1
3R	143474	143612	1
3R	143851	143921	1
3R	144145	145209	1
3R	145319	145400	1
3R	147650	147727	1
3R	157183	157333	1
3R	157366	157467	1
3R	159527	159635	1
3R	161489	161562	1
3R	163305	163368	1
3R	165499	165692	1
3R	166656	166725	1
3R	166745	166838	1
3R	168806	168884	1
3R	172514	172658	1
3R	172959	173282	1
3R	173584	173637	1
3R	173960	174018	1
3R	174069	174125	1
3R	174131	174214	1
3R	174252	174503	1
3R	174674	175058	1
3R	175361	175527	1
3R	175619	175706	1
3R	175759	175934	1
3R	175936	176076	1
3R	176099	176278	1
3R	176361	176674	1
3R	176759	176873	1
3R	176930	177231	1
3R	177239	177457	1
3R	178289	178456	1
3R	178705	178882	1
3R	179628	179692	1
3R	181982	182067	1
3R	182794	182897	1
3R	184836	185005	1
3R	186473	186530	1
3R	188503	188557	1
3R	188583	188726	1
3R	189622	189789	1
3R	190268	190372	1
3R	192444	192565	1
3R	193544	193675	1
3R	195480	195579	1
3R	195581	195634	1
3R	196213	196392	1
3R	199360	199539	1
3R	199730	199904	1
3R	200923	201125	1
3R	202618	202797	1
3R	203145	203317	1
3R	203994	204180	1
3R	204531	204719	1
3R	204956	205063	1
3R	206077	206146	1
3R	206183	206277	1
3R	206605	206793	1
3R	206847	206944	1
3R	206989	207043	1
3R	209548	209608	1
3R	210126	210467	1
3R	210484	211035	1
3R	211091	211587	1
3R	212093	212374	1
3R	212733	212809	1
3R	212813	212909	1
3R	213112	213226	1
3R	213563	213615	1
3R	214313	214823	1
3R	215326	215391	1
3R	215599	215688	1
3R	215704	215817	1
3R	216186	216738	1
3R	216931	217062	1
3R	217183	217262	1
3R	217796	217936	1
3R	218120	218243	1
3R	218775	218825	1
3R	220322	220506	1
3R	223829	224023	1
3R	228597	228739	1
3R	229565	229743	1
3R	229921	229988	1
3R	231790	231880	1
3R	231950	232069	1
3R	232391	232992	1
3R	234720	234792	1
3R	235173	235258	1
3R	236087	236187	1
3R	238406	238552	1
3R	238625	238749	1
3R	238817	238950	1
3R	238978	239141	1
3R	239388	239483	1
3R	240125	240230	1
3R	240906	240965	1
3R	241277	241461	1
3R	244077	244258	1
3R	245319	245438	1
3R	246517	246577	1
3R	252738	253094	1
3R	253315	253428	1
3R	254087	254169	1
3R	254172	254380	1
3R	254387	254466	1
3R	255315	255501	1
3R	255558	255697	1
3R	255771	255855	1
3R	256173	256296	1
3R	256769	256865	1
3R	259142	259194	1
3R	260291	260539	1
3R	260593	260833	1
3R	261390	261561	1
3R	261613	261758	1
3R	261766	261895	1
3R	262611	262713	1
3R	263327	263432	1
3R	264173	264233	1
3R	264681	264781	1
3R	266262	266387	1
3R	266510	266696	1
3R	266888	267043	1
3R	267092	267275	1
3R	267634	267796	1
3R	269603	269661	1
3R	270126	270250	1
3R	270747	270846	1
3R	273430	273562	1
3R	275828	275905	1
3R	278672	279243	1
3R	279345	279459	1
3R	279546	279633	1
3R	279634	279685	1
3R	279725	279846	1
3R	280106	280263	1
3R	280354	280857	1
3R	280942	281255	1
3R	281320	281542	1
3R	281624	281675	1
3R	281802	281907	1
3R	282003	282104	1
3R	282244	282320	1
3R	282382	282474	1
3R	282645	282810	1
3R	282811	282901	1
3R	283280	283427	1
3R	283746	283816	1
3R	284386	284507	1
3R	286126	286179	1
3R	288347	288425	1
3R	289117	289211	1
3R	289467	289553	1
3R	290419	290702	1
3R	290708	290856	1
3R	291034	291264	1
3R	292323	292429	1
3R	293079	293187	1
3R	294947	295019	1
3R	303266	303467	1
3R	307062	307228	1
3R	307235	307408	1
3R	309861	310103	1
3R	312196	312251	1
3R	312296	312378	1
3R	313950	314062	1
3R	315308	315370	1
3R	318081	318174	1
3R	319269	319333	1
3R	319451	319533	1
3R	319840	319947	1
3R	320753	320916	1
3R	322539	322624	1
3R	323089	323217	1
3R	323784	323907	1
3R	324013	324227	1
3R	325110	325194	1
3R	327416	327580	1
3R	328770	328823	1
3R	329186	329492	1
3R	329534	329885	1
3R	330775	331081	1
3R	331970	332157	1
3R	332222	332287	1
3R	332290	332419	1
3R	332486	332662	1
3R	334719	334904	1
3R	335194	335349	1
3R	335636	335825	1
3R	337839	338000	1
3R	338712	338774	1
3R	339253	339440	1
3R	340460	340519	1
3R	342355	342521	1
3R	343590	343654	1
3R	344066	344253	1
3R	344557	344686	1
3R	348520	348689	1
3R	353275	353391	1
3R	353871	354111	1
3R	354339	354535	1
3R	356323	356521	1
3R	360477	360674	1
3R	360796	360915	1
3R	360922	360987	1
3R	361341	361538	1
3R	361931	362097	1
3R	362578	362757	1
3R	363466	363669	1
3R	364459	364629	1
3R	364895	365067	1
3R	366345	366524	1
3R	368284	368474	1
3R	369720	369905	1
3R	374838	375010	1
3R	376275	376449	1
3R	376930	377117	1
3R	377205	377371	1
3R	377690	377742	1
3R	378359	378617	1
3R	379601	379783	1
3R	380033	380189	1
3R	380316	380484	1
3R	380727	380891	1
3R	389808	389987	1
3R	390011	390200	1
3R	390865	391059	1
3R	392670	392772	1
3R	392778	392843	1
3R	399597	399771	1
3R	400451	400612	1
3R	402107	402272	1
3R	403486	403650	1
3R	409622	409788	1
3R	420031	420201	1
3R	422356	422535	1
3R	424162	424346	1
3R	428865	429038	1
3R	429545	429682	1
3R	430492	430593	1
3R	432191	432248	1
3R	432935	433309	1
3R	434259	434430	1
3R	435846	436015	1
3R	439427	439598	1
3R	440086	440277	1
3R	440705	440901	1
3R	442216	442605	1
3R	442618	442734	1
3R	442816	450324	1
3R	450386	450586	1
3R	450902	451080	1
3R	451102	451713	1
3R	459258	459656	1
3R	459991	460179	1
3R	460346	460512	1
3R	460552	460738	1
3R	462643	462857	1
3R	463193	463306	1
3R	463464	463537	1
3R	463768	463952	1
3R	464009	464206	1
3R	464244	464456	1
3R	464473	464567	1
3R	465597	465683	1
3R	465690	465745	1
3R	465990	466075	1
3R	466082	466350	1
3R	467918	468104	1
3R	468377	468520	1
3R	468603	468883	1
3R	469369	469522	1
3R	470220	470277	1
3R	470465	470745	1
3R	471010	471185	1
3R	471731	471894	1
3R	472248	472625	1
3R	472802	473214	1
3R	473239	473461	1
3R	473601	473729	1
3R	474257	474525	1
3R	474750	474928	1
3R	475725	475808	1
3R	477030	477214	1
3R	484505	484606	1
3R	485403	485558	1
3R	485656	485728	1
3R	485968	486098	1
3R	486128	487015	1
3R	488209	488282	1
3R	492028	492210	1
3R	492316	492493	1
3R	493608	493671	1
3R	498477	498668	1
3R	498801	499287	1
3R	503956	504081	1
3R	505029	505404	1
3R	505502	505950	1
3R	505964	506347	1
3R	506413	506950	1
3R	509362	509545	1
3R	522790	522957	1
3R	525198	525368	1
3R	528090	528266	1
3R	528663	528848	1
3R	529153	529332	1
3R	531002	531158	1
3R	531563	531641	1
3R	533061	533118	1
3R	533175	533341	1
3R	533627	533809	1
3R	534718	534880	1
3R	535125	535295	1
3R	535566	535709	1
3R	537190	537360	1
3R	538142	538335	1
3R	539576	539747	1
3R	541431	541628	1
3R	541964	542139	1
3R	544679	544850	1
3R	545038	545928	1
3R	545948	546161	1
3R	546264	546758	1
3R	546947	547132	1
3R	547639	547828	1
3R	549186	549346	1
3R	550248	550299	1
3R	552822	553004	1
3R	553372	553468	1
3R	553583	553768	1
3R	553920	554115	1
3R	554207	554266	1
3R	554534	554696	1
3R	554938	555152	1
3R	555435	555678	1
3R	555736	555979	1
3R	556010	557034	1
3R	557166	557381	1
3R	557404	560469	1
3R	560692	560888	1
3R	561497	561679	1
3R	562454	562640	1
3R	562643	562740	1
3R	563558	567984	1
3R	585872	586081	1
3R	589428	589565	1
3R	589682	592746	1
3R	592825	593644	1
3R	593687	593801	1
3R	593825	596124	1
3R	596272	598709	1
3R	598841	599020	1
3R	599179	599353	1
3R	602498	602674	1
3R	602904	603079	1
3R	603224	603720	1
3R	603788	604023	1
3R	604062	604696	1
3R	604906	605626	1
3R	605667	606226	1
3R	606483	606542	1
3R	606543	606620	1
3R	606736	607144	1
3R	607387	608310	1
3R	608506	608852	1
3R	609024	611431	1
3R	612998	614979	1
3R	615810	615999	1
3R	620185	620248	1
3R	620974	621129	1
3R	627368	630626	1
3R	630654	630706	1
3R	630800	631193	1
3R	631929	631988	1
3R	635593	635682	1
3R	635750	636409	1
3R	637119	637752	1
3R	638031	638217	1
3R	639012	639199	1
3R	639322	639470	1
3R	639690	639870	1
3R	640280	640642	1
3R	640662	640765	1
3R	640835	645995	1
3R	646002	647301	1
3R	647492	647587	1
3R	647588	650438	1
3R	650687	650841	1
3R	662323	662509	1
3R	662671	662853	1
3R	666362	666626	1
3R	666749	666921	1
3R	667119	667297	1
3R	669153	669283	1
3R	669895	670168	1
3R	670383	670521	1
3R	670922	671001	1
3R	671132	671186	1
3R	671480	671778	1
3R	672186	672240	1
3R	672578	672692	1
3R	672827	672938	1
3R	674507	674690	1
3R	675615	675836	1
3R	676107	676249	1
3R	676329	676512	1
3R	681069	681230	1
3R	689641	689807	1
3R	692681	692838	1
3R	692948	693616	1
3R	693617	693733	1
3R	693801	694008	1
3R	694041	694091	1
3R	694126	694567	1
3R	694582	694894	1
3R	694902	695031	1
3R	695037	695901	1
3R	695948	696243	1
3R	696448	696649	1
3R	697279	697759	1
3R	698007	698190	1
3R	699346	699417	1
3R	700810	701012	1
3R	701616	701822	1
3R	704459	704629	1
3R	720984	722700	1
3R	722940	723524	1
3R	724294	724449	1
3R	726169	726742	1
3R	726795	727313	1
3R	727616	727697	1
3R	728501	728814	1
3R	734756	734935	1
3R	739527	739704	1
3R	742179	742352	1
3R	744946	745150	1
3R	745273	745430	1
3R	745712	745888	1
3R	745953	746281	1
3R	746431	746606	1
3R	746793	747006	1
3R	748324	748497	1
3R	749106	749181	1
3R	749218	749407	1
3R	751323	753631	1
3R	753968	754332	1
3R	754353	756118	1
3R	756141	756502	1
3R	756530	759449	1
3R	759493	759814	1
3R	759931	760153	1
3R	760310	760450	1
3R	760515	760577	1
3R	760601	760791	1
3R	761294	761537	1
3R	761552	761687	1
3R	761690	761989	1
3R	762041	762126	1
3R	762853	763034	1
3R	763577	763751	1
3R	767903	768147	1
3R	768230	768803	1
3R	769601	769679	1
3R	769955	770334	1
3R	770477	770738	1
3R	770946	771138	1
3R	771286	771716	1
3R	771735	771941	1
3R	772248	772308	1
3R	772829	775804	1
3R	776381	776552	1
3R	776939	777280	1
3R	777439	778769	1
3R	779102	779389	1
3R	779516	779747	1
3R	779905	780178	1
3R	780920	781063	1
3R	781151	781209	1
3R	781253	781548	1
3R	781651	782097	1
3R	788773	788979	1
3R	791834	792030	1
3R	792497	792679	1
3R	794093	794365	1
3R	797226	797392	1
3R	797862	800243	1
3R	800301	800641	1
3R	800966	801306	1
3R	801385	804018	1
3R	804128	804309	1
3R	804497	805616	1
3R	805874	806043	1
3R	807817	807943	1
3R	807950	808006	1
3R	809721	809920	1
3R	812703	814487	1
3R	814491	814565	1
3R	815467	815542	1
3R	816545	819433	1
3R	819591	819923	1
3R	820712	821867	1
3R	821994	822120	1
3R	822170	822481	1
3R	822503	822818	1
3R	827175	830720	1
3R	831941	836828	1
3R	836832	837231	1
3R	841415	841594	1
3R	841988	842167	1
3R	842309	842366	1
3R	842391	842515	1
3R	843178	843233	1
3R	844007	849820	1
3R	849862	852977	1
3R	853020	853698	1
3R	855410	855622	1
3R	855821	855905	1
3R	855922	856104	1
3R	856754	856920	1
3R	857001	857273	1
3R	857454	858156	1
3R	858165	858300	1
3R	858303	858422	1
3R	859428	859608	1
3R	860148	862584	1
3R	862615	862685	1
3R	862725	862818	1
3R	862905	863261	1
3R	864511	864841	1
3R	865109	865907	1
3R	866166	866346	1
3R	866941	867080	1
3R	867336	868816	1
3R	868819	877344	1
3R	877371	877630	1
3R	877635	880546	1
3R	880619	881668	1
3R	881844	881955	1
3R	882189	882507	1
3R	882650	882804	1
3R	882904	884983	1
3R	885087	885266	1
3R	887985	888172	1
3R	888859	888914	1
3R	889325	889387	1
3R	889506	890670	1
3R	890681	896820	1
3R	897043	897203	1
3R	897455	897755	1
3R	898136	898293	1
3R	898941	899397	1
3R	899939	899998	1
3R	900249	908032	1
3R	908039	908113	1
3R	908117	908544	1
3R	908817	909004	1
3R	909025	909338	1
3R	909552	910286	1
3R	910713	910927	1
3R	910941	911022	1
3R	911133	912304	1
3R	916780	916945	1
3R	924268	924433	1
3R	929401	929568	1
3R	930930	931121	1
3R	931667	931878	1
3R	931901	931975	1
3R	932442	932710	1
3R	933337	936034	1
3R	936077	936265	1
3R	936378	936504	1
3R	937495	937670	1
3R	937847	938020	1
3R	938235	938414	1
3R	938572	938636	1
3R	938717	938777	1
3R	938788	938917	1
3R	941339	941437	1
3R	941654	941839	1
3R	941843	942458	1
3R	942525	944610	1
3R	944711	945069	1
3R	945198	945252	1
3R	945274	950542	1
3R	950650	950813	1
3R	952030	952111	1
3R	952129	952303	1
3R	953246	953431	1
3R	953588	953695	1
3R	953700	953751	1
3R	954410	954496	1
3R	954501	954612	1
3R	954624	954752	1
3R	955068	955130	1
3R	956586	956767	1
3R	957162	957260	1
3R	957707	959642	1
3R	960277	961954	1
3R	962060	962271	1
3R	962741	962912	1
3R	963548	963713	1
3R	965180	965257	1
3R	967746	967807	1
3R	967819	967900	1
3R	970532	970745	1
3R	971673	971905	1
3R	971946	972202	1
3R	972208	972543	1
3R	972772	974154	1
3R	974156	974736	1
3R	978000	978170	1
3R	979752	979991	1
3R	990261	990424	1
3R	990666	991482	1
3R	992142	992302	1
3R	997777	997843	1
3R	1000682	1000853	1
3R	1005394	1006195	1
3R	1006282	1006754	1
3R	1006913	1015522	1
3R	1016655	1016826	1
3R	1017076	1017272	1
3R	1017742	1017855	1
3R	1017863	1017938	1
3R	1018010	1018207	1
3R	1018588	1032753	1
3R	1032777	1033519	1
3R	1034707	1034939	1
3R	1034945	1034997	1
3R	1035086	1035320	1
3R	1035542	1035857	1
3R	1036641	1036900	1
3R	1037618	1037806	1
3R	1038351	1038531	1
3R	1038778	1038969	1
3R	1039560	1039739	1
3R	1039933	1040106	1
3R	1047422	1047591	1
3R	1047701	1047885	1
3R	1048632	1048809	1
3R	1049784	1049978	1
3R	1050146	1050313	1
3R	1050712	1050886	1
3R	1052614	1052737	1
3R	1052750	1052950	1
3R	1056317	1056503	1
3R	1056906	1057079	1
3R	1057906	1058081	1
3R	1058214	1058499	1
3R	1058643	1058738	1
3R	1059588	1060293	1
3R	1060371	1060931	1
3R	1061005	1061055	1
3R	1061714	1062966	1
3R	1063002	1063193	1
3R	1063416	1063715	1
3R	1064276	1064462	1
3R	1064875	1065077	1
3R	1065357	1066480	1
3R	1070201	1070441	1
3R	1070504	1070673	1
3R	1070922	1071094	1
3R	1075835	1076010	1
3R	1076973	1077138	1
3R	1085554	1085758	1
3R	1089481	1089548	1
3R	1091728	1091806	1
3R	1092345	1092429	1
3R	1092432	1092614	1
3R	1093379	1093546	1
3R	1099310	1099479	1
3R	1106646	1106811	1
3R	1108735	1108904	1
3R	1111911	1112193	1
3R	1120477	1120642	1
3R	1127239	1127334	1
3R	1127850	1127974	1
3R	1130737	1130800	1
3R	1130828	1130879	1
3R	1131153	1131387	1
3R	1132350	1132518	1
3R	1132541	1132738	1
3R	1133003	1133080	1
3R	1134880	1146881	1
3R	1147234	1147458	1
3R	1150024	1150199	1
3R	1150696	1150884	1
3R	1151304	1151533	1
3R	1153191	1153374	1
3R	1153631	1153801	1
3R	1155358	1160537	1
3R	1160663	1161470	1
3R	1161496	1162904	1
3R	1164233	1168572	1
3R	1169332	1169497	1
3R	1169820	1170009	1
3R	1170606	1170802	1
3R	1171011	1171365	1
3R	1171501	1171921	1
3R	1172638	1172857	1
3R	1173617	1173792	1
3R	1174162	1174403	1
3R	1175202	1175378	1
3R	1176400	1176524	1
3R	1179865	1180036	1
3R	1183377	1183520	1
3R	1183648	1183841	1
3R	1183873	1184121	1
3R	1186438	1186593	1
3R	1187835	1188008	1
3R	1190321	1190504	1
3R	1191746	1193827	1
3R	1193882	1194025	1
3R	1194114	1195311	1
3R	1195776	1196173	1
3R	1196339	1196457	1
3R	1198254	1198480	1
3R	1198702	1198770	1
3R	1198913	1199054	1
3R	1199308	1199413	1
3R	1199833	1200026	1
3R	1200030	1200609	1
3R	1200719	1200953	1
3R	1201213	1201453	1
3R	1201510	1205635	1
3R	1205763	1209414	1
3R	1209488	1210214	1
3R	1210355	1211244	1
3R	1211245	1211522	1
3R	1211719	1212290	1
3R	1212308	1214117	1
3R	1214280	1214584	1
3R	1214733	1214804	1
3R	1215849	1215903	1
3R	1216399	1216629	1
3R	1216733	1216933	1
3R	1217437	1217624	1
3R	1218192	1218280	1
3R	1218691	1219183	1
3R	1219279	1219366	1
3R	1220160	1220340	1
3R	1220582	1220769	1
3R	1220866	1221050	1
3R	1221090	1221310	1
3R	1221603	1221831	1
3R	1222236	1222415	1
3R	1222984	1223277	1
3R	1223498	1223698	1
3R	1223734	1224399	1
3R	1225178	1225875	1
3R	1226227	1226424	1
3R	1226469	1228372	1
3R	1228667	1229389	1
3R	1229546	1229739	1
3R	1229845	1230064	1
3R	1230102	1230503	1
3R	1241918	1241970	1
3R	1242039	1242337	1
3R	1242436	1242843	1
3R	1242899	1243411	1
3R	1243477	1243682	1
3R	1244084	1244964	1
3R	1245400	1246153	1
3R	1246221	1246674	1
3R	1246753	1247218	1
3R	1247219	1247293	1
3R	1247354	1247461	1
3R	1247463	1247658	1
3R	1247730	1248158	1
3R	1248166	1251002	1
3R	1251041	1252898	1
3R	1252902	1253872	1
3R	1253874	1253990	1
3R	1253995	1254544	1
3R	1254623	1254849	1
3R	1254953	1255243	1
3R	1255305	1255730	1
3R	1255787	1256411	1
3R	1256475	1257242	1
3R	1260412	1260595	1
3R	1265879	1266736	1
3R	1266868	1269305	1
3R	1269452	1269524	1
3R	1269532	1269832	1
3R	1270107	1270329	1
3R	1270469	1270882	1
3R	1270927	1271111	1
3R	1271411	1272145	1
3R	1272431	1273299	1
3R	1274350	1274551	1
3R	1274761	1274869	1
3R	1274876	1274945	1
3R	1275836	1276017	1
3R	1278497	1278667	1
3R	1279408	1279560	1
3R	1280081	1280225	1
3R	1280230	1280281	1
3R	1280593	1283392	1
3R	1283401	1283614	1
3R	1284323	1284511	1
3R	1286749	1286938	1
3R	1286953	1289147	1
3R	1289571	1292630	1
3R	1292702	1292890	1
3R	1293773	1293951	1
3R	1294120	1294302	1
3R	1294579	1294713	1
3R	1294915	1295062	1
3R	1295090	1295277	1
3R	1295544	1296357	1
3R	1296361	1296626	1
3R	1296909	1297153	1
3R	1299073	1299258	1
3R	1300221	1300335	1
3R	1300368	1300537	1
3R	1300636	1302279	1
3R	1304018	1304089	1
3R	1304282	1304467	1
3R	1304862	1305183	1
3R	1305451	1305783	1
3R	1306003	1306246	1
3R	1306410	1306597	1
3R	1308838	1308900	1
3R	1309895	1311793	1
3R	1311982	1313794	1
3R	1313868	1314096	1
3R	1314103	1314542	1
3R	1314543	1314668	1
3R	1314764	1314864	1
3R	1314892	1315699	1
3R	1315768	1315942	1
3R	1317637	1317752	1
3R	1318047	1318395	1
3R	1319290	1319476	1
3R	1319658	1319896	1
3R	1322099	1322289	1
3R	1322868	1323073	1
3R	1323234	1323419	1
3R	1323435	1323740	1
3R	1323973	1324144	1
3R	1324508	1324804	1
3R	1325089	1325486	1
3R	1326097	1326458	1
3R	1326962	1327154	1
3R	1327289	1327464	1
3R	1328323	1328480	1
3R	1328943	1329019	1
3R	1329021	1329096	1
3R	1329480	1329552	1
3R	1329617	1329668	1
3R	1329877	1330215	1
3R	1330712	1330864	1
3R	1331069	1331233	1
3R	1331491	1331940	1
3R	1332257	1332536	1
3R	1333437	1333626	1
3R	1334487	1334717	1
3R	1336211	1336388	1
3R	1336705	1337044	1
3R	1337297	1337487	1
3R	1338291	1338460	1
3R	1341326	1341497	1
3R	1341783	1343641	1
3R	1345196	1345726	1
3R	1346239	1346428	1
3R	1346482	1346653	1
3R	1347195	1347363	1
3R	1351803	1351974	1
3R	1352262	1352360	1
3R	1353410	1353597	1
3R	1354260	1354490	1
3R	1354546	1354756	1
3R	1355238	1355296	1
3R	1355312	1355429	1
3R	1355466	1355765	1
3R	1356522	1356701	1
3R	1356966	1357309	1
3R	1361732	1361831	1
3R	1361877	1362440	1
3R	1363336	1363544	1
3R	1363723	1363905	1
3R	1365298	1365484	1
3R	1366123	1366294	1
3R	1366326	1366377	1
3R	1368195	1368357	1
3R	1368478	1368555	1
3R	1375664	1376001	1
3R	1377185	1377283	1
3R	1377311	1377669	1
3R	1378514	1378686	1
3R	1382417	1382585	1
3R	1387117	1387293	1
3R	1388384	1388576	1
3R	1391182	1391441	1
3R	1391627	1392155	1
3R	1392183	1392378	1
3R	1392646	1392843	1
3R	1392849	1393632	1
3R	1393673	1394728	1
3R	1394780	1395195	1
3R	1395793	1396000	1
3R	1396090	1396278	1
3R	1396453	1399754	1
3R	1399987	1402161	1
3R	1402758	1402919	1
3R	1404708	1404881	1
3R	1409421	1409596	1
3R	1409938	1410018	1
3R	1413054	1413219	1
3R	1416067	1417222	1
3R	1417228	1419805	1
3R	1419864	1419929	1
3R	1420120	1420409	1
3R	1420550	1420755	1
3R	1420973	1421533	1
3R	1421645	1427970	1
3R	1428030	1428255	1
3R	1428401	1429015	1
3R	1429391	1429743	1
3R	1429766	1429968	1
3R	1430207	1430591	1
3R	1430601	1430829	1
3R	1430871	1431204	1
3R	1431793	1431898	1
3R	1432045	1432457	1
3R	1432599	1433198	1
3R	1433262	1436649	1
3R	1436804	1436997	1
3R	1437006	1448149	1
3R	1448217	1448269	1
3R	1448270	1448498	1
3R	1448612	1449221	1
3R	1449242	1450434	1
3R	1450582	1450687	1
3R	1451271	1451623	1
3R	1451688	1456128	1
3R	1456481	1456662	1
3R	1462088	1466119	1
3R	1466468	1467833	1
3R	1468185	1468478	1
3R	1469104	1469287	1
3R	1472553	1472729	1
3R	1474043	1474136	1
3R	1474321	1475487	1
3R	1475613	1475868	1
3R	1476101	1476240	1
3R	1476291	1476402	1
3R	1476403	1476528	1
3R	1476642	1476722	1
3R	1476983	1477183	1
3R	1477572	1477625	1
3R	1477682	1477905	1
3R	1477926	1478211	1
3R	1478216	1478311	1
3R	1478317	1478495	1
3R	1478830	1478948	1
3R	1479279	1479465	1
3R	1479504	1479737	1
3R	1479741	1479797	1
3R	1479827	1479934	1
3R	1479945	1480137	1
3R	1481392	1481524	1
3R	1481733	1481790	1
3R	1481809	1481979	1
3R	1482497	1484004	1
3R	1484005	1485236	1
3R	1485875	1485975	1
3R	1490847	1490935	1
3R	1491123	1491587	1
3R	1491594	1491799	1
3R	1491839	1492064	1
3R	1493566	1493743	1
3R	1493896	1493952	1
3R	1495819	1498435	1
3R	1502602	1504407	1
3R	1504448	1505139	1
3R	1510455	1519281	1
3R	1519873	1520074	1
3R	1520203	1520290	1
3R	1520977	1521159	1
3R	1521164	1521344	1
3R	1521391	1521486	1
3R	1521487	1521563	1
3R	1522064	1523323	1
3R	1524207	1524258	1
3R	1524651	1524865	1
3R	1527723	1527850	1
3R	1528403	1528576	1
3R	1529421	1529594	1
3R	1533166	1533304	1
3R	1533781	1533961	1
3R	1537545	1537742	1
3R	1538594	1540256	1
3R	1540266	1541812	1
3R	1542119	1542372	1
3R	1542637	1543498	1
3R	1543512	1544117	1
3R	1544388	1544443	1
3R	1544495	1544590	1
3R	1544593	1544709	1
3R	1544902	1545822	1
3R	1545893	1545957	1
3R	1545982	1547460	1
3R	1549108	1549267	1
3R	1553436	1553623	1
3R	1553799	1554241	1
3R	1556366	1556545	1
3R	1560538	1562567	1
3R	1562962	1563242	1
3R	1563397	1563577	1
3R	1563942	1564124	1
3R	1564203	1564611	1
3R	1564645	1564709	1
3R	1565888	1566049	1
3R	1567637	1567972	1
3R	1569416	1569588	1
3R	1571248	1571406	1
3R	1571810	1571974	1
3R	1572745	1572906	1
3R	1574717	1574884	1
3R	1576371	1576555	1
3R	1576749	1576920	1
3R	1578948	1579137	1
3R	1580822	1581016	1
3R	1581854	1582030	1
3R	1583042	1583216	1
3R	1583414	1583703	1
3R	1583949	1584030	1
3R	1584055	1584166	1
3R	1584533	1584724	1
3R	1584803	1585151	1
3R	1585156	1585613	1
3R	1585669	1586043	1
3R	1586144	1586616	1
3R	1587510	1588871	1
3R	1600404	1600481	1
3R	1600587	1600726	1
3R	1603715	1603814	1
3R	1606809	1606986	1
3R	1607966	1609460	1
3R	1609571	1616731	1
3R	1616909	1617329	1
3R	1617331	1617942	1
3R	1618430	1618699	1
3R	1619586	1619757	1
3R	1620126	1620232	1
3R	1631932	1632212	1
3R	1632241	1632407	1
3R	1632757	1632929	1
3R	1641988	1642168	1
3R	1642294	1642600	1
3R	1642674	1642857	1
3R	1643480	1644649	1
3R	1644653	1645174	1
3R	1645176	1645250	1
3R	1645271	1645493	1
3R	1645567	1645808	1
3R	1645821	1647171	1
3R	1647913	1649960	1
3R	1650335	1650505	1
3R	1655049	1655230	1
3R	1664155	1664320	1
3R	1665651	1665825	1
3R	1669324	1669412	1
3R	1670411	1670642	1
3R	1674926	1676143	1
3R	1676218	1676327	1
3R	1676876	1677118	1
3R	1677125	1677605	1
3R	1677639	1678059	1
3R	1678584	1678999	1
3R	1679010	1679469	1
3R	1680033	1680465	1
3R	1680662	1682131	1
3R	1682192	1682449	1
3R	1682467	1684075	1
3R	1684117	1684312	1
3R	1684343	1684752	1
3R	1685015	1685079	1
3R	1685180	1685738	1
3R	1685911	1685973	1
3R	1686359	1686564	1
3R	1686655	1686921	1
3R	1687340	1687647	1
3R	1687718	1687795	1
3R	1688151	1688223	1
3R	1688226	1688361	1
3R	1689226	1689392	1
3R	1689484	1689694	1
3R	1689940	1690172	1
3R	1691000	1691202	1
3R	1691933	1692138	1
3R	1692348	1692737	1
3R	1692849	1692946	1
3R	1692950	1693108	1
3R	1693192	1693385	1
3R	1693524	1693658	1
3R	1693776	1694032	1
3R	1694985	1695062	1
3R	1704227	1704551	1
3R	1704587	1707107	1
3R	1707308	1707761	1
3R	1707925	1708581	1
3R	1709394	1709560	1
3R	1711712	1711880	1
3R	1712561	1712737	1
3R	1714429	1715821	1
3R	1716503	1718384	1
3R	1723983	1724122	1
3R	1724636	1724811	1
3R	1731161	1731332	1
3R	1750903	1750982	1
3R	1752066	1752228	1
3R	1754795	1754968	1
3R	1755822	1755996	1
3R	1758052	1758239	1
3R	1770109	1770273	1
3R	1770768	1770941	1
3R	1776403	1776594	1
3R	1800340	1800505	1
3R	1806215	1806403	1
3R	1807784	1807945	1
3R	1812734	1812897	1
3R	1813573	1813648	1
3R	1815767	1815935	1
3R	1816341	1816430	1
3R	1816899	1817072	1
3R	1817252	1817421	1
3R	1817740	1817908	1
3R	1818429	1818649	1
3R	1820151	1820320	1
3R	1820754	1820950	1
3R	1821407	1821488	1
3R	1821695	1822087	1
3R	1822148	1822469	1
3R	1822903	1823083	1
3R	1823224	1823423	1
3R	1824257	1824310	1
3R	1824478	1824841	1
3R	1824855	1825382	1
3R	1825399	1825902	1
3R	1825965	1826208	1
3R	1826230	1826725	1
3R	1826728	1826801	1
3R	1826808	1827239	1
3R	1827364	1827562	1
3R	1828022	1828324	1
3R	1828651	1831726	1
3R	1831741	1831936	1
3R	1832338	1832659	1
3R	1834852	1835033	1
3R	1835192	1839863	1
3R	1839892	1840128	1
3R	1840150	1840215	1
3R	1840443	1840778	1
3R	1841088	1841287	1
3R	1842382	1842703	1
3R	1842978	1843161	1
3R	1843304	1843656	1
3R	1843752	1843949	1
3R	1844094	1844295	1
3R	1844539	1846432	1
3R	1846435	1848565	1
3R	1848572	1848805	1
3R	1848829	1849883	1
3R	1849930	1852582	1
3R	1852836	1853078	1
3R	1853080	1863719	1
3R	1863980	1865113	1
3R	1865114	1877068	1
3R	1877593	1878162	1
3R	1878171	1878704	1
3R	1906310	1906482	1
3R	1908902	1908983	1
3R	1909369	1909542	1
3R	1909593	1909780	1
3R	1909815	1910189	1
3R	1910291	1910782	1
3R	1910849	1911200	1
3R	1911255	1911803	1
3R	1911804	1911875	1
3R	1911919	1914508	1
3R	1914509	1915365	1
3R	1915886	1915949	1
3R	1916273	1916611	1
3R	1916613	1917917	1
3R	1918950	1919113	1
3R	1919543	1919719	1
3R	1919738	1919917	1
3R	1920052	1920106	1
3R	1920108	1920293	1
3R	1921409	1921728	1
3R	1922062	1922145	1
3R	1922237	1922597	1
3R	1924691	1924760	1
3R	1925624	1925797	1
3R	1926381	1926436	1
3R	1926633	1926813	1
3R	1927255	1927417	1
3R	1930165	1931796	1
3R	1931953	1932426	1
3R	1932776	1933293	1
3R	1933445	1933694	1
3R	1936375	1936462	1
3R	1937159	1937241	1
3R	1937467	1940574	1
3R	1940690	1941854	1
3R	1943683	1943853	1
3R	1944143	1944250	1
3R	1944272	1945812	1
3R	1946852	1947028	1
3R	1947457	1948140	1
3R	1948488	1948677	1
3R	1949511	1949699	1
3R	1949905	1950102	1
3R	1950752	1951151	1
3R	1951311	1951805	1
3R	1951823	1952080	1
3R	1952132	1953610	1
3R	1953613	1955587	1
3R	1955683	1955985	1
3R	1956023	1956350	1
3R	1956521	1957992	1
3R	1958158	1958763	1
3R	1958831	1959788	1
3R	1959821	1959988	1
3R	1960129	1960304	1
3R	1960339	1965962	1
3R	1965999	1966332	1
3R	1966433	1966796	1
3R	1968984	1969147	1
3R	1969380	1969577	1
3R	1969750	1969938	1
3R	1970062	1970362	1
3R	1970453	1970714	1
3R	1971105	1971337	1
3R	1971686	1971848	1
3R	1972152	1972445	1
3R	1972467	1972799	1
3R	1972828	1973597	1
3R	1973611	1974145	1
3R	1974169	1975240	1
3R	1975301	1975887	1
3R	1975940	1976030	1
3R	1976039	1976124	1
3R	1976200	1976810	1
3R	1976864	1977919	1
3R	1978455	1978532	1
3R	1978566	1978625	1
3R	1978739	1979033	1
3R	1979041	1979476	1
3R	1979561	1979660	1
3R	1979780	1979831	1
3R	1979884	1979965	1
3R	1979988	1980324	1
3R	1980549	1980973	1
3R	1980990	1981257	1
3R	1981728	1984731	1
3R	1984742	1984806	1
3R	1985152	1985726	1
3R	1985766	1985896	1
3R	1985908	1986080	1
3R	1986115	1986480	1
3R	1986594	1986953	1
3R	1987136	1987198	1
3R	1987332	1987902	1
3R	1987976	1988055	1
3R	1988079	1988549	1
3R	1994653	1995728	1
3R	1995733	1995807	1
3R	1995836	1996561	1
3R	1997386	1997468	1
3R	2004157	2004353	1
3R	2004446	2004602	1
3R	2004609	2004685	1
3R	2004742	2004842	1
3R	2039296	2039467	1
3R	2041471	2041647	1
3R	2045411	2045569	1
3R	2048223	2048389	1
3R	2050344	2050486	1
3R	2051720	2051904	1
3R	2052158	2052323	1
3R	2057309	2057521	1
3R	2061831	2062001	1
3R	2062546	2062708	1
3R	2063120	2063286	1
3R	2071695	2071857	1
3R	2074108	2074280	1
3R	2077256	2079016	1
3R	2079151	2079823	1
3R	2079826	2080624	1
3R	2080837	2080949	1
3R	2080956	2081346	1
3R	2081480	2081673	1
3R	2081695	2081924	1
3R	2082102	2082409	1
3R	2082415	2082535	1
3R	2082536	2083490	1
3R	2084592	2084698	1
3R	2084842	2084900	1
3R	2084981	2085164	1
3R	2085944	2086126	1
3R	2086990	2087171	1
3R	2087352	2087580	1
3R	2088258	2088434	1
3R	2089149	2090387	1
3R	2090391	2090766	1
3R	2091001	2091051	1
3R	2091053	2091241	1
3R	2093266	2093833	1
3R	2093944	2095318	1
3R	2095351	2102966	1
3R	2103144	2103330	1
3R	2104347	2104536	1
3R	2105698	2105846	1
3R	2106134	2106267	1
3R	2106804	2106903	1
3R	2106970	2107056	1
3R	2107881	2108092	1
3R	2108541	2108722	1
3R	2108760	2108963	1
3R	2109279	2109535	1
3R	2109688	2109867	1
3R	2109961	2110148	1
3R	2110209	2110266	1
3R	2110834	2111618	1
3R	2111626	2111695	1
3R	2111721	2112218	1
3R	2112450	2112640	1
3R	2114781	2115187	1
3R	2115285	2115847	1
3R	2116789	2117973	1
3R	2117999	2118200	1
3R	2118353	2122626	1
3R	2122773	2122945	1
3R	2123496	2123856	1
3R	2123976	2125042	1
3R	2125092	2125675	1
3R	2126265	2126319	1
3R	2127340	2127716	1
3R	2129104	2129362	1
3R	2132426	2132703	1
3R	2132847	2133101	1
3R	2133653	2134719	1
3R	2134820	2135173	1
3R	2135480	2135591	1
3R	2135684	2137613	1
3R	2137614	2137830	1
3R	2137907	2138096	1
3R	2138305	2138473	1
3R	2138588	2138805	1
3R	2138926	2139412	1
3R	2139527	2139843	1
3R	2139935	2140185	1
3R	2141413	2141621	1
3R	2142017	2142123	1
3R	2142504	2142562	1
3R	2142590	2142793	1
3R	2142891	2143115	1
3R	2150351	2150701	1
3R	2151094	2151410	1
3R	2156215	2159021	1
3R	2159032	2163290	1
3R	2163304	2163906	1
3R	2164032	2164231	1
3R	2164483	2164671	1
3R	2164765	2164974	1
3R	2164978	2165074	1
3R	2165075	2165257	1
3R	2165613	2165933	1
3R	2166019	2166736	1
3R	2166919	2166975	1
3R	2167078	2167621	1
3R	2167741	2167999	1
3R	2168000	2168100	1
3R	2168190	2168381	1
3R	2168519	2168912	1
3R	2168943	2170095	1
3R	2170267	2170660	1
3R	2170837	2171503	1
3R	2171529	2171726	1
3R	2171754	2171831	1
3R	2172026	2172232	1
3R	2172294	2172445	1
3R	2172536	2172719	1
3R	2173252	2173443	1
3R	2173485	2173683	1
3R	2174236	2174424	1
3R	2174573	2174755	1
3R	2175041	2175240	1
3R	2176468	2176918	1
3R	2177119	2177612	1
3R	2178545	2178740	1
3R	2178756	2178955	1
3R	2179155	2179334	1
3R	2179478	2179661	1
3R	2179785	2179968	1
3R	2181555	2181660	1
3R	2181961	2182139	1
3R	2185198	2185717	1
3R	2185724	2186067	1
3R	2186256	2186636	1
3R	2187386	2187563	1
3R	2188301	2188521	1
3R	2189069	2189244	1
3R	2189600	2189779	1
3R	2190317	2190496	1
3R	2191834	2192065	1
3R	2193707	2193900	1
3R	2194435	2194605	1
3R	2195138	2195323	1
3R	2195341	2195523	1
3R	2195905	2196099	1
3R	2196733	2196913	1
3R	2196927	2196981	1
3R	2196984	2197287	1
3R	2198301	2198384	1
3R	2198644	2200689	1
3R	2200697	2201693	1
3R	2201695	2201964	1
3R	2202079	2202281	1
3R	2202527	2204214	1
3R	2204215	2204442	1
3R	2204474	2205612	1
3R	2205635	2209177	1
3R	2209642	2209703	1
3R	2209992	2212127	1
3R	2212137	2212733	1
3R	2212748	2214491	1
3R	2214497	2215888	1
3R	2215894	2217042	1
3R	2217047	2217778	1
3R	2217875	2218502	1
3R	2219845	2220060	1
3R	2220076	2220311	1
3R	2220438	2221800	1
3R	2222526	2222710	1
3R	2228085	2228274	1
3R	2247829	2247892	1
3R	2248793	2248854	1
3R	2248933	2249112	1
3R	2251417	2251479	1
3R	2251703	2251828	1
3R	2252614	2252791	1
3R	2253125	2253372	1
3R	2253450	2254207	1
3R	2254305	2254478	1
3R	2254527	2254727	1
3R	2259696	2260038	1
3R	2265008	2265198	1
3R	2269780	2269914	1
3R	2270287	2270476	1
3R	2271011	2272178	1
3R	2272450	2272571	1
3R	2273965	2274227	1
3R	2274532	2276498	1
3R	2276508	2276887	1
3R	2277204	2278116	1
3R	2278137	2278326	1
3R	2278476	2279307	1
3R	2279581	2279766	1
3R	2280373	2280465	1
3R	2280786	2280971	1
3R	2281414	2281633	1
3R	2281690	2281813	1
3R	2282222	2282410	1
3R	2283417	2283587	1
3R	2297415	2297586	1
3R	2301459	2301633	1
3R	2302254	2302442	1
3R	2304499	2304675	1
3R	2305482	2305664	1
3R	2306250	2306518	1
3R	2306951	2308661	1
3R	2313559	2313729	1
3R	2318530	2319174	1
3R	2319516	2319582	1
3R	2320087	2320277	1
3R	2320358	2320669	1
3R	2320935	2321120	1
3R	2321369	2321487	1
3R	2321903	2322093	1
3R	2322574	2322762	1
3R	2322901	2323064	1
3R	2323137	2323288	1
3R	2324496	2324601	1
3R	2325490	2325669	1
3R	2327384	2327558	1
3R	2328404	2328500	1
3R	2329010	2329158	1
3R	2329549	2329871	1
3R	2330643	2330829	1
3R	2330908	2331967	1
3R	2332014	2332294	1
3R	2332463	2333280	1
3R	2333296	2333399	1
3R	2333427	2333517	1
3R	2333558	2334446	1
3R	2334505	2335314	1
3R	2335490	2336165	1
3R	2336228	2336781	1
3R	2336787	2338671	1
3R	2338713	2339311	1
3R	2339462	2339643	1
3R	2344967	2345136	1
3R	2345486	2345653	1
3R	2349150	2349216	1
3R	2349218	2349312	1
3R	2351329	2351427	1
3R	2351477	2351925	1
3R	2351992	2352321	1
3R	2354349	2354444	1
3R	2354700	2354807	1
3R	2354843	2355024	1
3R	2355036	2355374	1
3R	2355466	2355654	1
3R	2356027	2356131	1
3R	2356724	2357066	1
3R	2357067	2357342	1
3R	2357347	2357415	1
3R	2357522	2358402	1
3R	2366948	2367025	1
3R	2376379	2376546	1
3R	2379020	2380115	1
3R	2380120	2381056	1
3R	2381127	2381322	1
3R	2381658	2381875	1
3R	2381912	2382088	1
3R	2382379	2382501	1
3R	2382529	2382596	1
3R	2382763	2382947	1
3R	2384662	2384896	1
3R	2384932	2385488	1
3R	2385513	2385692	1
3R	2386097	2386591	1
3R	2386871	2387285	1
3R	2387369	2387433	1
3R	2387472	2389095	1
3R	2389194	2389509	1
3R	2389673	2390007	1
3R	2390058	2390248	1
3R	2390360	2392607	1
3R	2392628	2393073	1
3R	2393422	2393614	1
3R	2394161	2394341	1
3R	2394366	2394568	1
3R	2396509	2396707	1
3R	2397391	2397580	1
3R	2397594	2397771	1
3R	2397952	2400493	1
3R	2400548	2402876	1
3R	2402999	2405444	1
3R	2405579	2405748	1
3R	2407209	2408682	1
3R	2409019	2409206	1
3R	2409641	2409752	1
3R	2409757	2410073	1
3R	2410670	2410758	1
3R	2410804	2411034	1
3R	2411249	2414357	1
3R	2414670	2414740	1
3R	2414839	2415036	1
3R	2415679	2420924	1
3R	2421668	2422274	1
3R	2422276	2425963	1
3R	2426044	2426215	1
3R	2427168	2427350	1
3R	2428253	2428432	1
3R	2428710	2428876	1
3R	2430394	2430571	1
3R	2433657	2433758	1
3R	2433800	2434064	1
3R	2434485	2434656	1
3R	2436212	2436384	1
3R	2442206	2442372	1
3R	2443701	2443811	1
3R	2444500	2444675	1
3R	2445140	2445197	1
3R	2445585	2445753	1
3R	2446759	2446809	1
3R	2446930	2447118	1
3R	2447397	2447452	1
3R	2448582	2448694	1
3R	2448805	2449154	1
3R	2449566	2449880	1
3R	2450447	2450669	1
3R	2450681	2451010	1
3R	2451067	2452709	1
3R	2452713	2452807	1
3R	2452828	2453014	1
3R	2453233	2453399	1
3R	2453408	2453750	1
3R	2453769	2454814	1
3R	2454882	2455078	1
3R	2455111	2455310	1
3R	2456122	2456314	1
3R	2457234	2457291	1
3R	2457319	2457504	1
3R	2457703	2457889	1
3R	2458039	2458216	1
3R	2458280	2458651	1
3R	2459090	2470657	1
3R	2470839	2471025	1
3R	2471204	2471707	1
3R	2471744	2476463	1
3R	2480534	2480699	1
3R	2481067	2481234	1
3R	2487936	2488100	1
3R	2488783	2492671	1
3R	2494720	2494852	1
3R	2494869	2496335	1
3R	2496418	2496579	1
3R	2499972	2500303	1
3R	2500336	2500600	1
3R	2500741	2501029	1
3R	2501809	2501866	1
3R	2502267	2503149	1
3R	2503253	2503466	1
3R	2503509	2503564	1
3R	2509073	2509321	1
3R	2512552	2512727	1
3R	2516632	2516972	1
3R	2517027	2517243	1
3R	2517273	2517769	1
3R	2517862	2518038	1
3R	2518398	2519189	1
3R	2520338	2520530	1
3R	2520553	2520649	1
3R	2520685	2521413	1
3R	2521508	2521790	1
3R	2521893	2522002	1
3R	2522125	2522299	1
3R	2524819	2524890	1
3R	2524894	2524991	1
3R	2525213	2525740	1
3R	2525742	2527642	1
3R	2530993	2531054	1
3R	2531211	2532933	1
3R	2533057	2534172	1
3R	2535536	2535620	1
3R	2535815	2535882	1
3R	2539499	2539707	1
3R	2541440	2543713	1
3R	2548374	2548549	1
3R	2553302	2562608	1
3R	2562683	2563125	1
3R	2563610	2563941	1
3R	2564034	2564433	1
3R	2564549	2564602	1
3R	2565153	2565258	1
3R	2566043	2566233	1
3R	2567647	2567819	1
3R	2568449	2568621	1
3R	2571427	2571515	1
3R	2571851	2572021	1
3R	2574275	2574454	1
3R	2576602	2576774	1
3R	2579198	2579476	1
3R	2579477	2580056	1
3R	2580091	2580176	1
3R	2580466	2581648	1
3R	2581675	2582009	1
3R	2582607	2582791	1
3R	2582811	2582990	1
3R	2585511	2585698	1
3R	2586117	2586575	1
3R	2586576	2587754	1
3R	2587818	2587920	1
3R	2587927	2588658	1
3R	2588678	2588733	1
3R	2588838	2592508	1
3R	2592837	2593092	1
3R	2594682	2594861	1
3R	2598841	2599018	1
3R	2603621	2603792	1
3R	2605192	2605356	1
3R	2605398	2605791	1
3R	2605792	2607578	1
3R	2607607	2608060	1
3R	2608149	2608340	1
3R	2609307	2609466	1
3R	2609544	2609618	1
3R	2609725	2612107	1
3R	2612118	2612410	1
3R	2612552	2612651	1
3R	2612692	2614066	1
3R	2614146	2614353	1
3R	2614485	2615429	1
3R	2615432	2616020	1
3R	2616024	2616101	1
3R	2616211	2616774	1
3R	2617597	2617730	1
3R	2617982	2618082	1
3R	2618284	2618342	1
3R	2618635	2618767	1
3R	2618867	2619266	1
3R	2623788	2624225	1
3R	2624264	2624399	1
3R	2624547	2625897	1
3R	2625898	2626030	1
3R	2626069	2628290	1
3R	2628605	2628817	1
3R	2628922	2629095	1
3R	2630055	2630465	1
3R	2630470	2630735	1
3R	2630813	2631373	1
3R	2631545	2631940	1
3R	2632509	2632725	1
3R	2633121	2633859	1
3R	2635081	2635255	1
3R	2636636	2636709	1
3R	2637193	2638095	1
3R	2638164	2639027	1
3R	2639122	2639355	1
3R	2639412	2640007	1
3R	2640017	2640391	1
3R	2640678	2641074	1
3R	2641210	2641796	1
3R	2641895	2642896	1
3R	2643125	2643515	1
3R	2643556	2644036	1
3R	2644037	2644485	1
3R	2644573	2645617	1
3R	2645737	2648100	1
3R	2648289	2651777	1
3R	2653128	2653343	1
3R	2654969	2655057	1
3R	2655096	2655170	1
3R	2655509	2655762	1
3R	2655906	2660251	1
3R	2668751	2668807	1
3R	2669077	2669245	1
3R	2670338	2670455	1
3R	2671440	2671621	1
3R	2677215	2677388	1
3R	2678740	2679244	1
3R	2679971	2680274	1
3R	2680638	2680709	1
3R	2681477	2682892	1
3R	2683259	2683522	1
3R	2683660	2683739	1
3R	2684425	2686398	1
3R	2686422	2688218	1
3R	2688358	2691138	1
3R	2691157	2691228	1
3R	2691276	2691522	1
3R	2691731	2691922	1
3R	2692957	2693240	1
3R	2693288	2693701	1
3R	2693743	2693955	1
3R	2693990	2695028	1
3R	2703373	2703436	1
3R	2716219	2716403	1
3R	2720490	2720552	1
3R	2720687	2720782	1
3R	2720912	2721016	1
3R	2722012	2722166	1
3R	2722505	2724720	1
3R	2725427	2725484	1
3R	2725689	2725762	1
3R	2726486	2726718	1
3R	2732493	2732685	1
3R	2732731	2733069	1
3R	2733598	2733663	1
3R	2736272	2736573	1
3R	2736739	2736912	1
3R	2737678	2737847	1
3R	2738051	2738102	1
3R	2739700	2739860	1
3R	2741193	2741366	1
3R	2742494	2746540	1
3R	2746729	2747462	1
3R	2748170	2748227	1
3R	2748433	2748505	1
3R	2748918	2749119	1
3R	2755553	2755617	1
3R	2760080	2760264	1
3R	2761858	2762026	1
3R	2764987	2765148	1
3R	2766996	2767171	1
3R	2768503	2768693	1
3R	2769829	2770321	1
3R	2770492	2770667	1
3R	2771221	2771287	1
3R	2771296	2773665	1
3R	2773843	2774194	1
3R	2774299	2774566	1
3R	2775604	2776055	1
3R	2776080	2776243	1
3R	2781336	2781509	1
3R	2781796	2781861	1
3R	2782712	2782903	1
3R	2782953	2783028	1
3R	2783118	2783189	1
3R	2783375	2783581	1
3R	2783889	2784090	1
3R	2784483	2784826	1
3R	2785059	2785490	1
3R	2785613	2785784	1
3R	2787542	2787721	1
3R	2789500	2789680	1
3R	2789773	2790184	1
3R	2790312	2790529	1
3R	2791058	2791474	1
3R	2792531	2792711	1
3R	2792958	2793052	1
3R	2793140	2793364	1
3R	2793440	2793635	1
3R	2793869	2794249	1
3R	2795531	2795694	1
3R	2812220	2812437	1
3R	2812455	2812631	1
3R	2812644	2812762	1
3R	2812763	2813019	1
3R	2813289	2813467	1
3R	2813519	2813787	1
3R	2813867	2816313	1
3R	2816365	2816973	1
3R	2817072	2817242	1
3R	2817252	2817874	1
3R	2817958	2823057	1
3R	2823235	2823677	1
3R	2823748	2824036	1
3R	2824041	2824444	1
3R	2831272	2834024	1
3R	2834117	2834170	1
3R	2834214	2840195	1
3R	2840535	2840610	1
3R	2842097	2842259	1
3R	2842542	2842721	1
3R	2842934	2843103	1
3R	2843811	2844199	1
3R	2844878	2848766	1
3R	2848838	2849274	1
3R	2849677	2850162	1
3R	2851664	2851831	1
3R	2855437	2855606	1
3R	2856904	2857101	1
3R	2857215	2858034	1
3R	2858248	2858874	1
3R	2859076	2864083	1
3R	2864242	2864379	1
3R	2866329	2866492	1
3R	2869295	2869473	1
3R	2870068	2870216	1
3R	2872261	2872833	1
3R	2873124	2873367	1
3R	2873682	2873761	1
3R	2873826	2873918	1
3R	2874080	2874496	1
3R	2874518	2874668	1
3R	2875190	2875265	1
3R	2875890	2876210	1
3R	2876441	2885256	1
3R	2886407	2886524	1
3R	2888956	2889171	1
3R	2891055	2891279	1
3R	2891284	2901483	1
3R	2903320	2903501	1
3R	2904590	2904806	1
3R	2905754	2905945	1
3R	2905968	2906144	1
3R	2909005	2909173	1
3R	2909976	2910171	1
3R	2911372	2912048	1
3R	2912059	2916715	1
3R	2917413	2917706	1
3R	2917729	2917926	1
3R	2918204	2918303	1
3R	2918823	2919146	1
3R	2923183	2923384	1
3R	2923559	2923752	1
3R	2925650	2925968	1
3R	2926924	2927112	1
3R	2929248	2929393	1
3R	2931680	2931857	1
3R	2933486	2933673	1
3R	2936499	2936689	1
3R	2937748	2937971	1
3R	2938184	2941953	1
3R	2942091	2942198	1
3R	2944347	2944524	1
3R	2949003	2951836	1
3R	2951856	2952242	1
3R	2959551	2960061	1
3R	2960258	2960617	1
3R	2960743	2960972	1
3R	2961163	2961447	1
3R	2961876	2962073	1
3R	2962811	2962886	1
3R	2963062	2963232	1
3R	2963460	2963736	1
3R	2964167	2964685	1
3R	2964823	2965004	1
3R	2969683	2969807	1
3R	2969920	2969988	1
3R	2970029	2970112	1
3R	2970264	2970576	1
3R	2970702	2970896	1
3R	2970950	2971499	1
3R	2971676	2977781	1
3R	2978004	2978086	1
3R	2978164	2978357	1
3R	2978433	2978823	1
3R	2978904	2979067	1
3R	2979241	2979592	1
3R	2979639	2984550	1
3R	2984668	2985552	1
3R	2985774	2985977	1
3R	2986074	2986307	1
3R	2986335	2986535	1
3R	2986603	2987037	1
3R	2987188	2987259	1
3R	2987752	2987926	1
3R	2988028	2988220	1
3R	2989986	2990130	1
3R	2992991	2993209	1
3R	2994835	2995015	1
3R	2995965	2996278	1
3R	2998174	3000124	1
3R	3000192	3000798	1
3R	3000814	3001260	1
3R	3001270	3001787	1
3R	3002162	3002527	1
3R	3002605	3003070	1
3R	3003178	3005883	1
3R	3005963	3006160	1
3R	3006163	3006943	1
3R	3008343	3008523	1
3R	3008788	3009073	1
3R	3009795	3010611	1
3R	3012816	3012946	1
3R	3014271	3014442	1
3R	3016291	3016992	1
3R	3017045	3017139	1
3R	3017215	3017436	1
3R	3017437	3018845	1
3R	3018857	3019361	1
3R	3019726	3020106	1
3R	3021764	3021817	1
3R	3022289	3022877	1
3R	3022902	3023037	1
3R	3023042	3023704	1
3R	3023736	3025298	1
3R	3025889	3033251	1
3R	3033386	3033575	1
3R	3040241	3040330	1
3R	3047877	3048053	1
3R	3049083	3050437	1
3R	3056904	3057078	1
3R	3058002	3064500	1
3R	3069511	3069670	1
3R	3070594	3070776	1
3R	3070815	3070865	1
3R	3071142	3074404	1
3R	3074406	3079169	1
3R	3079174	3081617	1
3R	3081645	3082433	1
3R	3082532	3082605	1
3R	3082899	3083217	1
3R	3083548	3084382	1
3R	3084709	3085605	1
3R	3085618	3085882	1
3R	3085973	3086040	1
3R	3086217	3086307	1
3R	3086764	3086822	1
3R	3086869	3087059	1
3R	3087257	3087330	1
3R	3095072	3095359	1
3R	3103471	3103721	1
3R	3104816	3104992	1
3R	3106260	3106310	1
3R	3107894	3108079	1
3R	3109479	3109541	1
3R	3111814	3112012	1
3R	3113473	3113652	1
3R	3116915	3117057	1
3R	3117611	3117835	1
3R	3117845	3118041	1
3R	3118051	3118470	1
3R	3118690	3118934	1
3R	3119077	3119175	1
3R	3119217	3119986	1
3R	3120069	3121126	1
3R	3122240	3122416	1
3R	3122935	3123323	1
3R	3123895	3124275	1
3R	3124293	3125169	1
3R	3125507	3125682	1
3R	3126171	3126340	1
3R	3126542	3126714	1
3R	3127218	3127474	1
3R	3127566	3127890	1
3R	3128820	3129014	1
3R	3135739	3135950	1
3R	3136337	3136515	1
3R	3137767	3137826	1
3R	3138348	3138539	1
3R	3139757	3139938	1
3R	3140473	3140647	1
3R	3141965	3142139	1
3R	3144569	3144846	1
3R	3145369	3145550	1
3R	3147359	3147592	1
3R	3147843	3148095	1
3R	3148114	3148167	1
3R	3148189	3148239	1
3R	3149287	3149539	1
3R	3150038	3150186	1
3R	3150844	3151020	1
3R	3151133	3151339	1
3R	3152223	3152573	1
3R	3152881	3153061	1
3R	3153068	3153372	1
3R	3153571	3153794	1
3R	3154512	3154703	1
3R	3156272	3156444	1
3R	3156696	3156791	1
3R	3156795	3156864	1
3R	3157394	3157575	1
3R	3158240	3158425	1
3R	3160574	3160772	1
3R	3161071	3161288	1
3R	3161323	3161557	1
3R	3161681	3161873	1
3R	3163360	3163544	1
3R	3163558	3163746	1
3R	3166885	3167236	1
3R	3167830	3168043	1
3R	3168510	3168691	1
3R	3168788	3168929	1
3R	3169633	3169765	1
3R	3170185	3172018	1
3R	3172106	3174528	1
3R	3174700	3175111	1
3R	3175133	3175879	1
3R	3175907	3179578	1
3R	3179627	3179687	1
3R	3179721	3181710	1
3R	3181977	3182528	1
3R	3182568	3182821	1
3R	3182822	3182900	1
3R	3182916	3183141	1
3R	3183225	3183289	1
3R	3183348	3183626	1
3R	3183795	3184411	1
3R	3184465	3185348	1
3R	3185394	3191271	1
3R	3191339	3192828	1
3R	3192877	3193756	1
3R	3193892	3194643	1
3R	3194744	3195540	1
3R	3195738	3196075	1
3R	3197014	3198203	1
3R	3203795	3203986	1
3R	3204535	3204989	1
3R	3205092	3205368	1
3R	3207374	3207556	1
3R	3207738	3207831	1
3R	3207877	3208014	1
3R	3208195	3208249	1
3R	3208255	3208444	1
3R	3211744	3212000	1
3R	3212150	3212360	1
3R	3212539	3212904	1
3R	3213036	3213298	1
3R	3216545	3216634	1
3R	3216937	3217217	1
3R	3220456	3220630	1
3R	3224338	3224510	1
3R	3224857	3225035	1
3R	3225232	3225877	1
3R	3229159	3229333	1
3R	3237247	3237417	1
3R	3249564	3249748	1
3R	3250897	3251084	1
3R	3252828	3252933	1
3R	3252981	3253173	1
3R	3253395	3253638	1
3R	3253811	3254006	1
3R	3254076	3254589	1
3R	3254769	3254976	1
3R	3255080	3255280	1
3R	3255534	3255750	1
3R	3256597	3256859	1
3R	3257184	3257246	1
3R	3257405	3259981	1
3R	3260686	3268335	1
3R	3269305	3270278	1
3R	3272292	3272677	1
3R	3276700	3276759	1
3R	3279623	3279760	1
3R	3280127	3280368	1
3R	3280565	3282515	1
3R	3282811	3282985	1
3R	3283494	3284053	1
3R	3284272	3284696	1
3R	3285140	3285407	1
3R	3285941	3289040	1
3R	3293939	3294059	1
3R	3300211	3300381	1
3R	3301169	3301358	1
3R	3301913	3302084	1
3R	3305174	3305360	1
3R	3307811	3307993	1
3R	3318594	3318747	1
3R	3318960	3319981	1
3R	3320260	3320493	1
3R	3320535	3320747	1
3R	3320834	3326396	1
3R	3326397	3327079	1
3R	3329264	3329471	1
3R	3329837	3330029	1
3R	3330104	3331713	1
3R	3331780	3331839	1
3R	3331917	3332366	1
3R	3336399	3336569	1
3R	3343492	3346347	1
3R	3346524	3346785	1
3R	3346853	3347260	1
3R	3347385	3347461	1
3R	3347498	3347694	1
3R	3347850	3348315	1
3R	3348492	3348543	1
3R	3348850	3349087	1
3R	3350198	3350281	1
3R	3350693	3350866	1
3R	3352107	3352403	1
3R	3352452	3354753	1
3R	3355028	3356835	1
3R	3356839	3359161	1
3R	3359386	3361168	1
3R	3361195	3362017	1
3R	3362459	3362529	1
3R	3363008	3363863	1
3R	3363979	3364127	1
3R	3364610	3364728	1
3R	3367423	3367607	1
3R	3372009	3372679	1
3R	3372974	3373176	1
3R	3373659	3374508	1
3R	3374701	3374901	1
3R	3374913	3375098	1
3R	3375249	3375532	1
3R	3376763	3377242	1
3R	3377252	3377705	1
3R	3377718	3377981	1
3R	3378014	3378256	1
3R	3378306	3379053	1
3R	3379146	3379452	1
3R	3379494	3379885	1
3R	3379887	3380345	1
3R	3380355	3380901	1
3R	3380903	3383033	1
3R	3383498	3383745	1
3R	3383890	3385121	1
3R	3385135	3385533	1
3R	3385657	3386141	1
3R	3386216	3386575	1
3R	3386908	3387215	1
3R	3387316	3387776	1
3R	3387802	3387862	1
3R	3389198	3389844	1
3R	3390155	3390288	1
3R	3390388	3390579	1
3R	3390810	3390987	1
3R	3391075	3391261	1
3R	3391278	3391477	1
3R	3391889	3391991	1
3R	3392597	3392790	1
3R	3393285	3393555	1
3R	3395001	3395228	1
3R	3395276	3396690	1
3R	3396871	3397193	1
3R	3397470	3397600	1
3R	3397605	3397655	1
3R	3397690	3397937	1
3R	3398267	3398332	1
3R	3398498	3400364	1
3R	3402180	3402332	1
3R	3403530	3403630	1
3R	3404031	3404129	1
3R	3404931	3405456	1
3R	3405519	3405761	1
3R	3405816	3405955	1
3R	3405973	3406095	1
3R	3413449	3413609	1
3R	3422633	3422850	1
3R	3432588	3432769	1
3R	3440079	3440238	1
3R	3441022	3441212	1
3R	3449229	3449408	1
3R	3452635	3452814	1
3R	3453044	3453219	1
3R	3453569	3453770	1
3R	3453792	3458954	1
3R	3459118	3459543	1
3R	3459774	3466367	1
3R	3466491	3466544	1
3R	3466559	3471016	1
3R	3471660	3471907	1
3R	3472108	3472388	1
3R	3474159	3474325	1
3R	3474838	3474927	1
3R	3475383	3475555	1
3R	3475673	3475785	1
3R	3476685	3476784	1
3R	3476844	3477027	1
3R	3477915	3478025	1
3R	3478346	3478655	1
3R	3479074	3479594	1
3R	3480095	3480324	1
3R	3480761	3480994	1
3R	3481737	3481799	1
3R	3481911	3482109	1
3R	3482614	3482668	1
3R	3483080	3483162	1
3R	3483612	3483703	1
3R	3485482	3487059	1
3R	3487098	3487204	1
3R	3487287	3488891	1
3R	3489005	3489599	1
3R	3489883	3489959	1
3R	3490317	3490471	1
3R	3490492	3490713	1
3R	3490897	3491090	1
3R	3491587	3491736	1
3R	3492081	3492542	1
3R	3493069	3493124	1
3R	3497470	3498515	1
3R	3505689	3507330	1
3R	3507587	3508812	1
3R	3508998	3509684	1
3R	3509744	3512350	1
3R	3513375	3513430	1
3R	3513440	3513869	1
3R	3514450	3514729	1
3R	3514879	3515202	1
3R	3515428	3515618	1
3R	3515693	3515996	1
3R	3516110	3516367	1
3R	3516441	3516639	1
3R	3516706	3516943	1
3R	3517188	3517296	1
3R	3517316	3517508	1
3R	3517698	3517919	1
3R	3518328	3518423	1
3R	3518479	3518909	1
3R	3518927	3519461	1
3R	3519660	3529238	1
3R	3563919	3564091	1
3R	3566370	3566540	1
3R	3571470	3572043	1
3R	3572133	3572286	1
3R	3572306	3572527	1
3R	3572566	3572653	1
3R	3572919	3572997	1
3R	3574559	3574726	1
3R	3575747	3575802	1
3R	3576015	3576767	1
3R	3576771	3583089	1
3R	3583157	3583730	1
3R	3583827	3587703	1
3R	3589011	3589469	1
3R	3589594	3591318	1
3R	3591337	3595799	1
3R	3595934	3597835	1
3R	3597875	3599138	1
3R	3600422	3600493	1
3R	3601336	3601426	1
3R	3601862	3602046	1
3R	3602310	3603098	1
3R	3603464	3603732	1
3R	3604285	3604377	1
3R	3604459	3604528	1
3R	3604567	3604949	1
3R	3605997	3606189	1
3R	3606755	3606967	1
3R	3606999	3607310	1
3R	3607490	3607809	1
3R	3608378	3608569	1
3R	3608612	3612046	1
3R	3612711	3612894	1
3R	3613753	3613860	1
3R	3613897	3614127	1
3R	3614587	3614853	1
3R	3614953	3615154	1
3R	3615206	3615496	1
3R	3615665	3615931	1
3R	3615939	3615993	1
3R	3616578	3616809	1
3R	3617111	3617215	1
3R	3617269	3617528	1
3R	3617606	3617962	1
3R	3617978	3618305	1
3R	3618308	3619107	1
3R	3619197	3619684	1
3R	3619688	3620127	1
3R	3620312	3621792	1
3R	3621852	3625902	1
3R	3625947	3627802	1
3R	3627896	3629950	1
3R	3629969	3630333	1
3R	3630347	3632329	1
3R	3632881	3633120	1
3R	3633262	3633427	1
3R	3633508	3634167	1
3R	3634441	3634561	1
3R	3634759	3635024	1
3R	3635190	3635487	1
3R	3635656	3637188	1
3R	3637238	3637425	1
3R	3637483	3637689	1
3R	3637858	3638294	1
3R	3638371	3639226	1
3R	3639753	3639808	1
3R	3640079	3640288	1
3R	3640309	3640562	1
3R	3640620	3641361	1
3R	3641539	3641795	1
3R	3641950	3642831	1
3R	3642885	3643916	1
3R	3657108	3657274	1
3R	3657663	3657836	1
3R	3660344	3660518	1
3R	3666851	3666936	1
3R	3668923	3669096	1
3R	3671197	3673144	1
3R	3673164	3673422	1
3R	3692006	3692241	1
3R	3692246	3692449	1
3R	3692765	3692828	1
3R	3692869	3693159	1
3R	3693333	3693385	1
3R	3693959	3694011	1
3R	3694030	3694153	1
3R	3694658	3694920	1
3R	3694933	3695565	1
3R	3695709	3697655	1
3R	3699182	3699310	1
3R	3701986	3702859	1
3R	3706076	3708027	1
3R	3708043	3708523	1
3R	3708564	3709490	1
3R	3709766	3710194	1
3R	3710216	3711024	1
3R	3711129	3711389	1
3R	3711516	3711765	1
3R	3711786	3715448	1
3R	3730911	3731091	1
3R	3732070	3738771	1
3R	3742007	3746823	1
3R	3746825	3747054	1
3R	3747125	3747306	1
3R	3747359	3747583	1
3R	3747598	3747865	1
3R	3747937	3748184	1
3R	3748320	3748426	1
3R	3748494	3749387	1
3R	3749410	3753513	1
3R	3753677	3753821	1
3R	3753918	3754320	1
3R	3755382	3755455	1
3R	3755559	3755765	1
3R	3755784	3755834	1
3R	3755882	3756972	1
3R	3757093	3757208	1
3R	3757571	3757793	1
3R	3757828	3757879	1
3R	3757889	3758019	1
3R	3758295	3758614	1
3R	3758730	3759045	1
3R	3759836	3760580	1
3R	3760608	3760662	1
3R	3760786	3761149	1
3R	3761346	3761441	1
3R	3761444	3761556	1
3R	3763478	3763665	1
3R	3763709	3763896	1
3R	3764134	3764277	1
3R	3764367	3764676	1
3R	3764710	3765138	1
3R	3765400	3765946	1
3R	3766005	3766563	1
3R	3767135	3767321	1
3R	3767480	3767748	1
3R	3768428	3768480	1
3R	3768599	3768812	1
3R	3768857	3768911	1
3R	3769329	3769418	1
3R	3769769	3769846	1
3R	3770186	3770496	1
3R	3770884	3771163	1
3R	3771196	3771376	1
3R	3772019	3772208	1
3R	3772630	3772727	1
3R	3772926	3774981	1
3R	3778296	3778382	1
3R	3778390	3778453	1
3R	3781311	3781384	1
3R	3782968	3783143	1
3R	3783652	3783719	1
3R	3783757	3783934	1
3R	3784128	3788489	1
3R	3788510	3788964	1
3R	3789138	3790500	1
3R	3792080	3792244	1
3R	3792909	3793087	1
3R	3793965	3794192	1
3R	3794372	3795003	1
3R	3795306	3797913	1
3R	3797919	3797976	1
3R	3798077	3798817	1
3R	3798825	3799421	1
3R	3799581	3800043	1
3R	3800977	3801182	1
3R	3804786	3804984	1
3R	3809409	3809597	1
3R	3813176	3813494	1
3R	3813664	3814342	1
3R	3815481	3815541	1
3R	3816346	3816427	1
3R	3817054	3817352	1
3R	3817471	3817535	1
3R	3818655	3818978	1
3R	3819923	3820183	1
3R	3820357	3820547	1
3R	3821682	3821743	1
3R	3823041	3823214	1
3R	3825238	3825413	1
3R	3826720	3826900	1
3R	3826940	3827043	1
3R	3827369	3827633	1
3R	3832222	3832393	1
3R	3832435	3832595	1
3R	3833818	3833986	1
3R	3834924	3835098	1
3R	3835204	3835383	1
3R	3838343	3838486	1
3R	3841610	3841986	1
3R	3842626	3842827	1
3R	3842828	3854787	1
3R	3855048	3855758	1
3R	3855819	3867343	1
3R	3869056	3869122	1
3R	3870566	3870746	1
3R	3872464	3872529	1
3R	3874126	3874548	1
3R	3874937	3875379	1
3R	3875394	3875774	1
3R	3875811	3876275	1
3R	3876317	3881860	1
3R	3882805	3884610	1
3R	3884617	3885761	1
3R	3885910	3886416	1
3R	3886444	3887810	1
3R	3887867	3889819	1
3R	3890394	3890571	1
3R	3893764	3893930	1
3R	3895263	3895382	1
3R	3895501	3895666	1
3R	3895816	3895949	1
3R	3897301	3897458	1
3R	3898014	3898490	1
3R	3898500	3901369	1
3R	3901633	3901851	1
3R	3901882	3903283	1
3R	3903374	3903696	1
3R	3903884	3904253	1
3R	3904384	3904702	1
3R	3904781	3904873	1
3R	3904875	3905085	1
3R	3905126	3905489	1
3R	3905502	3908359	1
3R	3908363	3908439	1
3R	3908530	3908794	1
3R	3908836	3910523	1
3R	3910582	3910775	1
3R	3914292	3916430	1
3R	3916462	3916733	1
3R	3916793	3917088	1
3R	3917416	3917473	1
3R	3918071	3918619	1
3R	3918621	3918889	1
3R	3919114	3919303	1
3R	3919446	3919583	1
3R	3920371	3920680	1
3R	3920822	3921125	1
3R	3921252	3921359	1
3R	3921442	3923249	1
3R	3923649	3923748	1
3R	3927969	3928141	1
3R	3931979	3932157	1
3R	3932479	3932626	1
3R	3935365	3935554	1
3R	3935752	3935847	1
3R	3935852	3936049	1
3R	3937494	3937743	1
3R	3940355	3940553	1
3R	3941041	3941466	1
3R	3941564	3941756	1
3R	3944366	3944622	1
3R	3945085	3945277	1
3R	3947219	3947312	1
3R	3947417	3947611	1
3R	3947752	3948538	1
3R	3948643	3948820	1
3R	3948824	3948910	1
3R	3949208	3949282	1
3R	3949289	3949385	1
3R	3949759	3949936	1
3R	3950375	3950431	1
3R	3950582	3950674	1
3R	3950711	3950768	1
3R	3953002	3953074	1
3R	3956004	3956180	1
3R	3958605	3958698	1
3R	3960865	3961065	1
3R	3961384	3961748	1
3R	3963642	3963826	1
3R	3964070	3964259	1
3R	3967690	3967862	1
3R	3968130	3968181	1
3R	3970598	3970679	1
3R	3971034	3971239	1
3R	3972059	3972200	1
3R	3972308	3972470	1
3R	3974186	3974382	1
3R	3974758	3974925	1
3R	3975100	3975283	1
3R	3975554	3975739	1
3R	3976045	3976406	1
3R	3978403	3978502	1
3R	3978770	3978957	1
3R	3979151	3979323	1
3R	3981242	3981535	1
3R	3981550	3981635	1
3R	3981646	3981830	1
3R	3981960	3982053	1
3R	3984612	3984869	1
3R	3985481	3985661	1
3R	3988357	3988547	1
3R	3989132	3989191	1
3R	3989299	3989409	1
3R	3989436	3989590	1
3R	3990032	3990413	1
3R	3990474	3990650	1
3R	3992038	3992094	1
3R	3992131	3992198	1
3R	3992585	3992678	1
3R	3993069	3993233	1
3R	3993242	3993325	1
3R	3993594	3993993	1
3R	3994486	3994939	1
3R	3995589	3995799	1
3R	3997063	3997176	1
3R	3997209	3997600	1
3R	3997654	3997840	1
3R	3997949	3999549	1
3R	4001829	4001996	1
3R	4002124	4002295	1
3R	4012124	4015576	1
3R	4015936	4016138	1
3R	4016644	4016815	1
3R	4017393	4017481	1
3R	4017715	4017966	1
3R	4018230	4018412	1
3R	4018526	4018868	1
3R	4019354	4019616	1
3R	4020007	4020447	1
3R	4020525	4021034	1
3R	4021227	4021284	1
3R	4021538	4021597	1
3R	4021641	4021738	1
3R	4021778	4022102	1
3R	4022161	4022354	1
3R	4022381	4022487	1
3R	4022822	4023011	1
3R	4023448	4023641	1
3R	4023814	4024106	1
3R	4024211	4024281	1
3R	4024301	4024529	1
3R	4024876	4025728	1
3R	4031596	4032009	1
3R	4033295	4033629	1
3R	4033650	4033877	1
3R	4034326	4034703	1
3R	4034881	4034991	1
3R	4035119	4035302	1
3R	4035411	4035621	1
3R	4035911	4036098	1
3R	4036385	4036656	1
3R	4036752	4036945	1
3R	4037335	4037480	1
3R	4038013	4038267	1
3R	4038320	4038514	1
3R	4038600	4038853	1
3R	4038970	4039026	1
3R	4039031	4039996	1
3R	4040131	4040329	1
3R	4040331	4040622	1
3R	4041086	4041260	1
3R	4041829	4042532	1
3R	4042887	4043071	1
3R	4043073	4043156	1
3R	4043421	4043596	1
3R	4043873	4043935	1
3R	4044039	4044303	1
3R	4044741	4045163	1
3R	4045225	4045409	1
3R	4045702	4045873	1
3R	4047005	4047138	1
3R	4047989	4048164	1
3R	4048274	4048448	1
3R	4048558	4048747	1
3R	4050134	4050190	1
3R	4050221	4050294	1
3R	4050675	4054439	1
3R	4054491	4054989	1
3R	4055060	4056877	1
3R	4056945	4057372	1
3R	4057395	4057783	1
3R	4058232	4058458	1
3R	4058470	4058662	1
3R	4058772	4059006	1
3R	4059079	4059365	1
3R	4059516	4060090	1
3R	4060115	4060310	1
3R	4060883	4060933	1
3R	4060957	4061176	1
3R	4061577	4062042	1
3R	4062986	4063327	1
3R	4063371	4067329	1
3R	4067413	4068320	1
3R	4068399	4071668	1
3R	4071880	4072175	1
3R	4072288	4072469	1
3R	4072840	4073035	1
3R	4073544	4073676	1
3R	4074071	4074219	1
3R	4074642	4074989	1
3R	4075010	4086928	1
3R	4087314	4087525	1
3R	4087544	4087621	1
3R	4087943	4088124	1
3R	4088611	4088795	1
3R	4088911	4089085	1
3R	4090567	4105083	1
3R	4110051	4114230	1
3R	4126502	4139893	1
3R	4140117	4141704	1
3R	4143386	4143552	1
3R	4143873	4145081	1
3R	4145185	4145492	1
3R	4145501	4146208	1
3R	4146582	4147062	1
3R	4147084	4147283	1
3R	4147486	4147703	1
3R	4147808	4148527	1
3R	4148605	4149023	1
3R	4149413	4153521	1
3R	4154831	4154973	1
3R	4154985	4155060	1
3R	4155076	4155174	1
3R	4157483	4157665	1
3R	4158564	4158881	1
3R	4159060	4173928	1
3R	4174278	4187713	1
3R	4187877	4187975	1
3R	4189180	4191808	1
3R	4191822	4192173	1
3R	4192383	4200651	1
3R	4200653	4200736	1
3R	4200761	4206103	1
3R	4211464	4258583	1
3R	4265794	4270762	1
3R	4277025	4355140	1
3R	4355260	4357630	1
3R	4357916	4366806	1
3R	4374957	4408452	1
3R	4412525	4490600	1
3R	4490607	4490783	1
3R	4490896	4491080	1
3R	4491254	4498663	1
3R	4498735	4498816	1
3R	4498826	4499187	1
3R	4499196	4500195	1
3R	4500214	4500382	1
3R	4500387	4500448	1
3R	4500459	4500740	1
3R	4500741	4512611	1
3R	4513765	4516454	1
3R	4516462	4518565	1
3R	4518664	4519255	1
3R	4519312	4519780	1
3R	4519799	4538915	1
3R	4539940	4563848	1
3R	4565001	4565366	1
3R	4565450	4568449	1
3R	4568498	4569181	1
3R	4569223	4569440	1
3R	4569527	4579869	1
3R	4579940	4580124	1
3R	4580222	4580481	1
3R	4580696	4582463	1
3R	4582493	4597179	1
3R	4598208	4607808	1
3R	4607918	4609590	1
3R	4610531	4613910	1
3R	4614925	4683213	1
3R	4683478	4683655	1
3R	4684318	4684384	1
3R	4684759	4714630	1
3R	4714731	4714928	1
3R	4714938	4715035	1
3R	4715835	4753284	1
3R	4754208	4754406	1
3R	4757352	4759770	1
3R	4761024	4831927	1
3R	4832362	4832492	1
3R	4832502	4887506	1
3R	4894675	4942961	1
3R	4943197	4943797	1
3R	4943993	4944251	1
3R	4944267	4946588	1
3R	4946649	5002353	1
3R	5003454	5003636	1
3R	5004652	5004816	1
3R	5008968	5026668	1
3R	5026852	5027022	1
3R	5027083	5045880	1
3R	5052765	5068014	1
3R	5071396	5071503	1
3R	5073314	5149518	1
3R	5149818	5167573	1
3R	5167859	5167944	1
3R	5168105	5168291	1
3R	5168535	5168813	1
3R	5169015	5259354	1
3R	5259640	5259714	1
3R	5260769	5260845	1
3R	5260904	5338454	1
3R	5343284	5365365	1
3R	5366182	5366347	1
3R	5366723	5443462	1
3R	5443574	5445995	1
3R	5447298	5447467	1
3R	5452240	5718447	1
3R	5719075	5721125	1
3R	5721722	5746055	1
3R	5746075	5747054	1
3R	5753024	5763784	1
3R	5763861	5763915	1
3R	5764043	5809153	1
3R	5809173	5822412	1
3R	5823363	5827111	1
3R	5827211	5827583	1
3R	5827858	5828333	1
3R	5828526	5828766	1
3R	5828779	5828965	1
3R	5829163	5829378	1
3R	5829461	5829522	1
3R	5829534	5927594	1
3R	5927614	6015998	1
3R	6024261	6158545	1
3R	6166910	6175205	1
3R	6181443	6181610	1
3R	6182269	6238208	1
3R	6238269	6238585	1
3R	6238661	6242230	1
3R	6242407	6283558	1
3R	6283570	6307704	1
3R	6307731	6307877	1
3R	6307916	6307971	1
3R	6308017	6308277	1
3R	6308320	6308490	1
3R	6308540	6308673	1
3R	6308703	6333798	1
3R	6334563	6416798	1
3R	6418900	6510064	1
3R	6514909	6685195	1
3R	6685396	6693090	1
3R	6693182	6702134	1
3R	6702539	6704202	1
3R	6704608	6737508	1
3R	6739085	6757754	1
3R	6759193	6819877	1
3R	6821129	6821589	1
3R	6822853	7087356	1
3R	7087378	7087443	1
3R	7087597	7140326	1
3R	7140445	7349739	1
3R	7355062	7355251	1
3R	7355273	7471044	1
3R	7471638	7531384	1
3R	7531406	7531471	1
3R	7531625	7558572	1
3R	7563133	7585859	1
3R	7586028	7586200	1
3R	7586373	7694614	1
3R	7695527	7695692	1
3R	7703245	7703414	1
3R	7708346	7708503	1
3R	7713456	7729502	1
3R	7737220	7780040	1
3R	7780046	7780192	1
3R	7780199	7819192	1
3R	7819269	7849680	1
3R	7850628	7973350	1
3R	7973920	7974086	1
3R	7974186	8037652	1
3R	8037796	8038142	1
3R	8038279	8038554	1
3R	8038919	8039239	1
3R	8039333	8039536	1
3R	8039537	8039930	1
3R	8040001	8040392	1
3R	8040481	8041716	1
3R	8041904	8043228	1
3R	8043452	8043850	1
3R	8048800	8049520	1
3R	8049574	8049648	1
3R	8049870	8050333	1
3R	8050496	8090585	1
3R	8091779	8091972	1
3R	8093836	8094439	1
3R	8099532	8101799	1
3R	8104661	8207610	1
3R	8208174	8245951	1
3R	8246579	8247612	1
3R	8247615	8248420	1
3R	8249048	8250080	1
3R	8250084	8286812	1
3R	8286834	8403057	1
3R	8411990	8570512	1
3R	8572532	8572693	1
3R	8573417	8573585	1
3R	8574931	8601817	1
3R	8602477	8602671	1
3R	8610736	8707608	1
3R	8709597	8868811	1
3R	8869546	8869613	1
3R	8871255	8871446	1
3R	8872465	8894915	1
3R	8895841	8898241	1
3R	8898621	8898759	1
3R	8903243	8903424	1
3R	8904237	8904426	1
3R	8904616	8904811	1
3R	8906193	8906362	1
3R	8913627	9278822	1
3R	9283846	9304578	1
3R	9311633	9319627	1
3R	9319788	9361844	1
3R	9361879	9684696	1
3R	9687304	9687473	1
3R	9691850	9692019	1
3R	9694622	9695361	1
3R	9699737	9838157	1
3R	9838583	9838714	1
3R	9839573	9839631	1
3R	9839642	9839728	1
3R	9845341	9845533	1
3R	9850436	10196970	1
3R	10199789	10199971	1
3R	10201742	10201934	1
3R	10202745	10231820	1
3R	10237172	10255414	1
3R	10257213	10257387	1
3R	10260626	10335735	1
3R	10336767	10337322	1
3R	10338548	10338719	1
3R	10339748	10339929	1
3R	10341158	10341639	1
3R	10348419	10381040	1
3R	10381093	10381198	1
3R	10384471	10384643	1
3R	10384699	10384803	1
3R	10388080	10798925	1
3R	10799123	10799301	1
3R	10799569	10799640	1
3R	10799781	10804201	1
3R	10811527	10957933	1
3R	10963076	11065607	1
3R	11065967	11066159	1
3R	11071069	11225462	1
3R	11226189	11240124	1
3R	11240853	11241366	1
3R	11241869	11379273	1
3R	11388207	11841104	1
3R	11846067	11954145	1
3R	11956672	11957908	1
3R	11957941	11958201	1
3R	11960727	12022917	1
3R	12024884	12396608	1
3R	12396639	12396899	1
3R	12397085	12397295	1
3R	12397771	12397836	1
3R	12397864	12403345	1
3R	12403376	12403941	1
3R	12404129	12404331	1
3R	12404807	12404872	1
3R	12404900	12465119	1
3R	12468020	12468220	1
3R	12470886	12471053	1
3R	12471538	12471685	1
3R	12471998	12472163	1
3R	12472266	12472436	1
3R	12472472	12472626	1
3R	12477150	12477416	1
3R	12477717	12477906	1
3R	12485068	12485241	1
3R	12493397	12493571	1
3R	12500755	12501540	1
3R	12501613	12501976	1
3R	12511087	12712372	1
3R	12712636	12864610	1
3R	12864860	12920188	1
3R	12925174	13135857	1
3R	13137823	13143069	1
3R	13148425	13314148	1
3R	13318682	13396923	1
3R	13396952	13397825	1
3R	13397852	13426991	1
3R	13427003	13427065	1
3R	13427096	13517270	1
3R	13519849	13599075	1
3R	13599476	13601012	1
3R	13601476	13978792	1
3R	13980716	14021676	1
3R	14023147	14180865	1
3R	14185383	14194477	1
3R	14203395	14236953	1
3R	14243317	14243457	1
3R	14244247	14246430	1
3R	14247685	14961533	1
3R	14961752	14961929	1
3R	14962147	15041430	1
3R	15044985	15079835	1
3R	15079857	15102534	1
3R	15109571	15132101	1
3R	15132619	15132786	1
3R	15134923	15137439	1
3R	15137650	15162586	1
3R	15167121	15601200	1
3R	15608504	15618772	1
3R	15620809	15621004	1
3R	15626017	15683872	1
3R	15683974	15684158	1
3R	15684256	15735252	1
3R	15739772	15901509	1
3R	15903402	15903567	1
3R	15906701	15906889	1
3R	15907171	15907359	1
3R	15908894	16189441	1
3R	16189637	16473525	1
3R	16473550	16474478	1
3R	16474564	16478982	1
3R	16479007	16479945	1
3R	16480030	16756354	1
3R	16762329	16988181	1
3R	16990198	16990386	1
3R	16991386	16991440	1
3R	16991441	16992389	1
3R	16994405	16994608	1
3R	16995607	16995661	1
3R	16995662	17294709	1
3R	17294899	17346741	1
3R	17346792	17346991	1
3R	17348037	17456873	1
3R	17456951	17509259	1
3R	17516581	17575366	1
3R	17582613	17591347	1
3R	17591525	17638366	1
3R	17638618	17763212	1
3R	17763464	17925900	1
3R	17927120	18032824	1
3R	18033579	18033764	1
3R	18040355	18061618	1
3R	18062940	18141204	1
3R	18141297	18221525	1
3R	18221682	18222209	1
3R	18222228	18222665	1
3R	18222766	18222964	1
3R	18222997	18331818	1
3R	18333088	18606568	1
3R	18610282	18610441	1
3R	18610534	18908887	1
3R	18909169	19137102	1
3R	19138395	19193030	1
3R	19197099	19441536	1
3R	19448012	19448208	1
3R	19450481	19607752	1
3R	19607768	19610856	1
3R	19610867	19704504	1
3R	19705392	19705550	1
3R	19712804	19712972	1
3R	19713857	19744280	1
3R	19749289	19767442	1
3R	19768031	19771429	1
3R	19772812	19772949	1
3R	19773134	19774500	1
3R	19775090	19775489	1
3R	19776870	19777007	1
3R	19777189	20109585	1
3R	20114561	20156725	1
3R	20165679	20245327	1
3R	20248682	20266544	1
3R	20272807	20331026	1
3R	20331302	20506631	1
3R	20507197	20513034	1
3R	20514143	20514319	1
3R	20515608	20854539	1
3R	20859115	21141709	1
3R	21149961	21299340	1
3R	21299569	21299649	1
3R	21309574	21310680	1
3R	21310784	21314121	1
3R	21314230	21609047	1
3R	21609985	21610044	1
3R	21611453	21729007	1
3R	21729194	21729815	1
3R	21729904	21730596	1
3R	21730667	21731074	1
3R	21731081	21731334	1
3R	21731400	21731907	1
3R	21732256	21732736	1
3R	21732873	21733253	1
3R	21733398	21735332	1
3R	21735495	21735883	1
3R	21736251	21761158	1
3R	21767020	21767078	1
3R	21768315	22234714	1
3R	22235005	22235180	1
3R	22235823	22239542	1
3R	22248369	22295591	1
3R	22297357	22297531	1
3R	22299295	22450583	1
3R	22452998	22491897	1
3R	22491946	22492610	1
3R	22492674	22493233	1
3R	22493282	22497761	1
3R	22497827	22881250	1
3R	22884714	23515565	1
3R	23516509	23558433	1
3R	23559998	23684733	1
3R	23684995	23826302	1
3R	23826322	23827838	1
3R	23827856	23835454	1
3R	23838796	23838989	1
3R	23843457	23843651	1
3R	23844372	23851009	1
3R	23858549	23859435	1
3R	23859452	24072135	1
3R	24072338	24076951	1
3R	24078196	24207246	1
3R	24212110	24273597	1
3R	24273598	24277112	1
3R	24277113	24416012	1
3R	24417097	24459248	1
3R	24459433	24594670	1
3R	24594691	24730132	1
3R	24732267	24927181	1
3R	24931731	25123401	1
3R	25123961	25124210	1
3R	25124214	25124500	1
3R	25124904	25127431	1
3R	25128004	25128550	1
3R	25128953	25129730	1
3R	25130088	25130735	1
3R	25130969	25131179	1
3R	25131596	25133175	1
3R	25133410	25142584	1
3R	25142677	25142884	1
3R	25144060	25324399	1
3R	25325303	25325462	1
3R	25326358	25326501	1
3R	25326502	25326557	1
3R	25328743	25398526	1
3R	25398561	25398721	1
3R	25398724	25399372	1
3R	25399586	25399702	1
3R	25399940	25609305	1
3R	25610590	25707080	1
3R	25707161	25725878	1
3R	25734803	25745244	1
3R	25745324	25832740	1
3R	25841690	26108861	1
3R	26117228	26215803	1
3R	26217217	26217412	1
3R	26221553	26376362	1
3R	26385302	26510551	1
3R	26519380	26558378	1
3R	26565455	26619717	1
3R	26619786	26622688	1
3R	26623049	26624789	1
3R	26625159	26628092	1
3R	26628355	26628447	1
3R	26628466	26630006	1
3R	26630025	26630117	1
3R	26630379	26632455	1
3R	26632543	26642788	1
3R	26642921	26810600	1
3R	26810855	27007453	1
3R	27008411	27008565	1
3R	27016354	27022094	1
3R	27022119	27022328	1
3R	27022434	27024987	1
3R	27025012	27025221	1
3R	27025327	27096528	1
3R	27098093	27140552	1
3R	27147401	27147539	1
3R	27147938	27342828	1
3R	27351178	27521206	1
3R	27523393	27523582	1
3R	27529123	27529310	1
3R	27530185	27725603	1
3R	27730826	27776763	1
3R	27776857	27777057	1
3R	27777218	27777405	1
3R	27777438	27791685	1
3R	27794596	27856795	1
3R	27858042	27862986	1
3R	27868080	27875721	1
3R	27882583	27958764	1
3R	27961242	27961409	1
3R	27963888	28068532	1
3R	28073748	28173721	1
3R	28180917	28242753	1
3R	28245405	28245578	1
3R	28247148	28247312	1
3R	28249965	28250174	1
3R	28251741	28253377	1
3R	28255293	28255472	1
3R	28255650	28291447	1
3R	28291858	28292899	1
3R	28293314	28302141	1
3R	28302339	28543852	1
3R	28544042	28758333	1
3R	28758598	28758793	1
3R	28762029	28762214	1
3R	28763715	28763919	1
3R	28770557	28770751	1
3R	28771149	28792912	1
3R	28797768	28881081	1
3R	28881132	28882416	1
3R	28882583	28883992	1
3R	28884043	28885327	1
3R	28885494	29025428	1
3R	29025619	29079422	1
3R	29080013	29080230	1
3R	29080567	29185407	1
3R	29186482	29319882	1
3R	29319956	29406672	1
3R	29407674	29653100	1
3R	29653203	29653374	1
3R	29655289	29738303	1
3R	29739549	29759115	1
3R	29759292	29760395	1
3R	29761377	29882056	1
3R	29885891	29886092	1
3R	29890993	29922150	1
3R	29922866	29923763	1
3R	29924464	30084904	1
3R	30086131	30176769	1
3R	30176772	30238796	1
3R	30239745	30317374	1
3R	30324732	30375576	1
3R	30382982	30396265	1
3R	30403343	30403539	1
3R	30404298	30480521	1
3R	30480698	30480875	1
3R	30482758	30487089	1
3R	30487711	30488978	1
3R	30489602	30679554	1
3R	30679942	30679994	1
3R	30680131	30680220	1
3R	30681114	30681307	1
3R	30683399	30683589	1
3R	30686805	30818862	1
3R	30819364	30819643	1
3R	30820179	31074267	1
3R	31081649	31279411	1
3R	31285382	31330485	1
3R	31335454	31413125	1
3R	31418107	31478512	1
3R	31478604	31478683	1
3R	31479823	31485445	1
3R	31485902	31486359	1
3R	31486641	31487445	1
3R	31487479	31487676	1
3R	31488336	31488523	1
3R	31488723	31490959	1
3R	31492997	31494863	1
3R	31494996	31495134	1
3R	31495331	31496681	1
3R	31496918	31497623	1
3R	31497830	31498385	1
3R	31498523	31513206	1
3R	31513345	31513985	1
3R	31514182	31514903	1
3R	31515140	31517207	1
3R	31517406	31517528	1
3R	31517673	31519389	1
3R	31521408	31523179	1
3R	31523379	31523551	1
3R	31524210	31524398	1
3R	31524426	31525103	1
3R	31525403	31525894	1
3R	31526348	31531613	1
3R	31532756	31532836	1
3R	31532902	31691576	1
3R	31696110	31887791	1
3R	31887862	31888059	1
3R	31888700	31888890	1
3R	31893958	31894060	1
3R	31896476	31896645	1
3R	31897021	31954894	1
3R	31955416	31980000	1
3R	31984180	31985241	1
3R	31985245	31986081	1
3R	31986477	31998040	1
3R	32005278	32018218	1
3R	32018731	32018905	1
3R	32019418	32069983	1
3R	32070456	32070628	1
3R	32071099	32071530	1
3R	32071974	32072161	1
3R	32072604	32072946	1
