4	167	4962	1
4	7811	7973	1
4	13468	13618	1
4	16415	16583	1
4	19914	20069	1
4	24949	25114	1
4	26072	26222	1
4	31267	31450	1
4	33641	33821	1
4	34423	34582	1
4	35117	35283	1
4	39040	39237	1
4	39760	41643	1
4	41671	52946	1
4	52992	53204	1
4	53266	53502	1
4	53812	76530	1
4	81747	114877	1
4	115073	115244	1
4	115502	125482	1
4	126399	147408	1
4	147575	182691	1
4	183535	202139	1
4	202140	207201	1
4	207423	207599	1
4	208539	209665	1
4	209710	221422	1
4	221705	221909	1
4	222035	224674	1
4	225460	247685	1
4	247818	247887	1
4	248028	282770	1
4	282947	283686	1
4	283836	284237	1
4	284255	284479	1
4	284482	285055	1
4	285206	285409	1
4	286080	286291	1
4	286345	286582	1
4	286982	287211	1
4	289334	294666	1
4	295540	297488	1
4	297491	297756	1
4	297791	297868	1
4	297971	300279	1
4	300284	302660	1
4	303339	303397	1
4	303592	306624	1
4	306805	306878	1
4	306977	307070	1
4	307548	318566	1
4	318651	318992	1
4	318999	320024	1
4	327984	344042	1
4	346156	346627	1
4	347150	347239	1
4	347535	367714	1
4	367715	414051	1
4	414622	414802	1
4	415415	432023	1
4	433008	433489	1
4	433504	433710	1
4	434153	454046	1
4	454761	454942	1
4	454949	456730	1
4	457685	513162	1
4	513223	545266	1
4	545705	561039	1
4	561495	562025	1
4	562050	562111	1
4	562593	562702	1
4	562720	580967	1
4	581338	591626	1
4	592737	592823	1
4	592914	593066	1
4	593633	593807	1
4	594042	594121	1
4	595734	595864	1
4	595871	612663	1
4	612788	613002	1
4	613239	637202	1
4	637669	642191	1
4	642659	671644	1
4	679993	682200	1
4	682267	682331	1
4	682486	682666	1
4	683052	683233	1
4	683278	773336	1
4	773618	784474	1
4	784581	788954	1
4	792394	792565	1
4	794447	794572	1
4	796563	797414	1
4	797857	803682	1
4	804419	804609	1
4	805131	839977	1
4	841545	848653	1
4	848691	857417	1
4	857448	857525	1
4	857544	857736	1
4	857846	858050	1
4	858671	858852	1
4	859674	859770	1
4	859917	895404	1
4	895472	907900	1
4	908809	909944	1
4	910213	910371	1
4	913302	923044	1
4	923060	923273	1
4	923284	931688	1
4	932751	933019	1
4	933033	933522	1
4	933528	933614	1
4	933938	934004	1
4	934030	934265	1
4	934266	934571	1
4	935445	950480	1
4	950606	955243	1
4	956016	968762	1
4	969734	969911	1
4	970026	991021	1
4	991199	994316	1
4	994495	999648	1
4	999664	1000430	1
4	1000476	1020265	1
4	1020493	1020669	1
4	1020898	1021356	1
4	1021869	1025558	1
4	1025587	1045427	1
4	1045507	1045587	1
4	1045622	1045708	1
4	1045750	1045993	1
4	1046196	1145441	1
4	1145793	1149571	1
4	1149600	1153142	1
4	1153264	1153865	1
4	1153909	1154455	1
4	1154589	1154692	1
4	1154853	1162618	1
4	1162697	1162934	1
4	1163055	1163388	1
4	1163614	1163799	1
4	1163852	1163999	1
4	1164235	1164436	1
4	1164628	1167757	1
4	1167937	1168125	1
4	1168705	1171146	1
4	1171354	1171529	1
4	1171663	1176557	1
4	1176902	1177078	1
4	1177242	1177311	1
4	1177365	1199719	1
4	1218133	1235069	1
4	1235185	1235261	1
4	1235471	1235586	1
4	1238059	1238168	1
4	1238219	1240741	1
4	1240793	1257212	1
4	1257375	1258078	1
4	1258465	1258557	1
4	1258953	1259203	1
4	1260123	1266281	1
4	1266410	1266601	1
4	1266730	1268283	1
4	1268418	1274776	1
4	1275451	1275613	1
4	1276476	1276698	1
4	1276810	1276986	1
4	1277382	1277565	1
4	1278050	1278681	1
4	1279542	1279722	1
4	1280444	1280821	1
4	1281280	1281458	1
4	1282355	1282525	1
4	1287928	1288098	1
4	1288916	1289084	1
4	1294750	1295021	1
4	1295880	1296074	1
4	1296798	1296968	1
4	1301646	1301814	1
4	1303756	1303927	1
4	1304302	1304379	1
4	1305726	1306003	1
4	1306327	1307047	1
4	1307213	1307310	1
4	1307450	1307869	1
4	1314226	1314305	1
4	1316805	1316882	1
4	1318227	1318313	1
4	1318363	1318422	1
4	1318428	1318506	1
4	1318857	1319071	1
4	1319373	1319571	1
4	1319689	1319844	1
4	1319940	1320122	1
4	1332302	1332472	1
4	1332932	1333099	1
4	1345237	1345408	1
4	1345752	1345918	1
