X	5523	5689	1
X	11438	11612	1
X	11688	11851	1
X	27259	27428	1
X	38769	38935	1
X	50436	50529	1
X	50600	50776	1
X	52433	52674	1
X	54202	54385	1
X	54842	55011	1
X	57493	57685	1
X	57928	58068	1
X	58837	59019	1
X	61155	61365	1
X	61493	61648	1
X	63622	63798	1
X	65521	65758	1
X	71509	71672	1
X	79182	79264	1
X	84594	84763	1
X	85744	85932	1
X	91480	91651	1
X	95391	95564	1
X	95862	96123	1
X	107672	107829	1
X	109569	109739	1
X	112965	113018	1
X	113825	114419	1
X	114540	115518	1
X	115595	115741	1
X	115972	116166	1
X	116167	116221	1
X	116222	116467	1
X	122311	122479	1
X	122529	160386	1
X	160616	160802	1
X	163155	163351	1
X	167823	171265	1
X	171871	172046	1
X	172653	201281	1
X	202107	202239	1
X	238948	239118	1
X	243365	295890	1
X	303292	318505	1
X	323382	428458	1
X	434418	478253	1
X	478276	478342	1
X	478360	479010	1
X	480003	480214	1
X	480258	480558	1
X	480575	480796	1
X	481053	481496	1
X	482491	483222	1
X	483268	483507	1
X	483530	483873	1
X	484130	551459	1
X	558798	563579	1
X	565475	644148	1
X	644401	644682	1
X	644935	812311	1
X	817354	817484	1
X	817726	827650	1
X	828656	828833	1
X	833453	833732	1
X	835207	906733	1
X	908308	1033387	1
X	1040805	1063804	1
X	1067803	1067994	1
X	1072351	1164975	1
X	1165727	1357815	1
X	1359058	1359240	1
X	1363813	1363957	1
X	1367758	1438460	1
X	1439361	1442723	1
X	1444001	1444055	1
X	1444075	1444128	1
X	1444336	1454276	1
X	1454428	1454568	1
X	1454719	1518144	1
X	1522990	1523181	1
X	1523237	1539539	1
X	1540262	1567689	1
X	1569256	1628003	1
X	1635257	1703377	1
X	1704397	1737161	1
X	1746091	1930486	1
X	1934608	1934803	1
X	1937925	1954925	1
X	1962640	2117320	1
X	2118157	2118874	1
X	2119971	2120169	1
X	2120299	2120640	1
X	2121033	2127262	1
X	2128100	2128787	1
X	2129886	2130085	1
X	2130215	2130544	1
X	2130937	2132088	1
X	2132506	2132673	1
X	2133369	2210376	1
X	2211550	2308824	1
X	2317205	2399886	1
X	2406576	2406756	1
X	2408007	2419885	1
X	2424404	2425310	1
X	2425315	2425517	1
X	2425566	2426465	1
X	2426899	2427361	1
X	2427480	2610446	1
X	2617323	2664423	1
X	2665344	2768965	1
X	2769064	2769324	1
X	2769422	2823838	1
X	2825099	2825291	1
X	2832153	2844940	1
X	2845516	2845580	1
X	2852126	3058062	1
X	3058081	3070253	1
X	3070410	3070576	1
X	3070696	3070872	1
X	3073162	3075669	1
X	3080760	3178493	1
X	3186033	3218544	1
X	3220217	3220412	1
X	3221016	3221082	1
X	3224729	3224925	1
X	3226652	3226822	1
X	3227473	3240209	1
X	3240450	3242333	1
X	3242577	3250270	1
X	3250404	3415055	1
X	3421020	3464424	1
X	3464464	3464806	1
X	3465071	3465261	1
X	3465409	3493143	1
X	3502067	3545827	1
X	3545888	3597598	1
X	3601090	3601278	1
X	3607086	3607281	1
X	3619517	3726802	1
X	3727328	3727574	1
X	3729972	3753448	1
X	3760798	3785862	1
X	3785893	3788133	1
X	3788162	3790110	1
X	3792248	3792387	1
X	3796147	3796994	1
X	3797023	3798248	1
X	3798374	3798554	1
X	3798679	3799192	1
X	3801330	3801480	1
X	3805239	3842363	1
X	3842371	3857647	1
X	3857815	3858001	1
X	3858032	3936918	1
X	3936954	3937102	1
X	3939034	3939087	1
X	3939529	3940542	1
X	3944564	3944737	1
X	3948758	3986900	1
X	3991051	3991253	1
X	3993380	3993467	1
X	3994310	4070685	1
X	4070849	4071042	1
X	4071192	4130169	1
X	4130612	4157934	1
X	4164751	4284491	1
X	4289483	4289707	1
X	4289831	4290006	1
X	4290129	4318197	1
X	4319232	4328720	1
X	4328760	4372716	1
X	4372950	4373013	1
X	4373046	4382627	1
X	4382667	4383342	1
X	4383736	4383836	1
X	4384443	4627714	1
X	4628111	4628815	1
X	4629762	4630024	1
X	4630044	4630333	1
X	4630618	4631703	1
X	4632105	4632953	1
X	4633900	4634162	1
X	4634182	4635326	1
X	4635608	4700440	1
X	4700547	4714220	1
X	4714279	4714579	1
X	4714638	4731862	1
X	4736721	4763302	1
X	4763554	4765327	1
X	4765517	4765594	1
X	4765848	4765925	1
X	4766012	4776259	1
X	4776902	4792413	1
X	4792620	4823812	1
X	4823923	4824026	1
X	4824281	4828000	1
X	4834264	4834428	1
X	4835156	4871645	1
X	4871779	4921740	1
X	4927119	4931855	1
X	4933358	4933540	1
X	4936041	4990079	1
X	4990877	4991055	1
X	4995581	4995768	1
X	4997077	5075581	1
X	5075694	5077014	1
X	5077016	5077355	1
X	5077473	5078161	1
X	5078199	5078624	1
X	5078741	5079775	1
X	5079864	5096310	1
X	5103661	5338769	1
X	5339755	5389807	1
X	5392693	5460371	1
X	5460375	5481101	1
X	5484827	5490894	1
X	5490895	5502771	1
X	5502797	5502861	1
X	5502923	5521207	1
X	5523013	5523080	1
X	5523190	5523363	1
X	5523710	5524878	1
X	5525192	5525389	1
X	5526733	5526921	1
X	5528513	5580262	1
X	5581069	5712480	1
X	5712541	5727433	1
X	5732004	5817708	1
X	5817714	5853759	1
X	5853859	5854012	1
X	5854086	5867418	1
X	5867480	5883851	1
X	5883870	5884200	1
X	5884223	5903085	1
X	5903190	5927145	1
X	5932100	5942263	1
X	5942283	5942474	1
X	5943150	5943327	1
X	5943863	5945332	1
X	5945351	5945549	1
X	5946228	5946405	1
X	5946948	5979714	1
X	5979845	5980076	1
X	5980256	6023605	1
X	6023760	6023941	1
X	6024129	6065888	1
X	6065965	6066118	1
X	6066203	6171612	1
X	6172565	6172623	1
X	6178846	6197966	1
X	6198169	6201870	1
X	6202073	6206888	1
X	6206894	6207247	1
X	6207253	6277138	1
X	6278556	6280294	1
X	6280363	6282428	1
X	6282477	6282596	1
X	6282782	6282866	1
X	6283010	6285087	1
X	6285163	6335237	1
X	6335542	6335709	1
X	6337543	6383752	1
X	6385246	6392920	1
X	6394219	6394411	1
X	6397471	6399101	1
X	6400445	6418199	1
X	6419779	6430009	1
X	6435247	6445344	1
X	6446173	6446436	1
X	6450869	6471181	1
X	6472330	6475755	1
X	6476923	6477670	1
X	6479045	6562850	1
X	6571121	6605505	1
X	6606612	6606772	1
X	6608316	6926725	1
X	6926946	6927054	1
X	6927227	6950765	1
X	6950883	6951277	1
X	6951920	6952275	1
X	6952325	6952504	1
X	6952524	6953076	1
X	6955025	6955101	1
X	6957119	7017077	1
X	7017325	7017491	1
X	7017615	7017730	1
X	7018819	7023638	1
X	7030110	7030164	1
X	7030195	7030278	1
X	7030806	7116547	1
X	7116889	7125294	1
X	7134218	7134335	1
X	7134336	7212915	1
X	7212925	7243494	1
X	7243534	7441691	1
X	7441804	7442061	1
X	7442076	7442138	1
X	7442141	7480825	1
X	7482095	7494366	1
X	7495608	7500264	1
X	7501505	7679799	1
X	7680009	7680858	1
X	7681066	7702958	1
X	7703141	7784315	1
X	7784335	7812788	1
X	7821479	7845764	1
X	7845974	7846058	1
X	7847025	7871139	1
X	7871409	7897184	1
X	7898282	7898377	1
X	7899468	7934023	1
X	7934350	7935189	1
X	7935519	7989900	1
X	7989939	7990033	1
X	7990124	8001020	1
X	8001111	8001244	1
X	8001283	8031475	1
X	8035548	8181574	1
X	8184188	8256334	1
X	8256350	8256544	1
X	8256570	8256646	1
X	8256760	8267156	1
X	8267173	8293298	1
X	8294008	8294317	1
X	8294329	8295783	1
X	8295841	8296036	1
X	8296102	8318041	1
X	8318086	8364893	1
X	8365045	8369455	1
X	8369558	8426465	1
X	8426517	8456110	1
X	8456489	8456943	1
X	8457411	8465015	1
X	8465390	8465695	1
X	8466162	8495946	1
X	8495975	8530895	1
X	8530900	8577517	1
X	8578005	8611691	1
X	8611896	8612048	1
X	8613323	8664473	1
X	8665262	8699119	1
X	8702105	8702290	1
X	8702327	8735067	1
X	8735847	8750444	1
X	8752563	8752754	1
X	8752815	8827555	1
X	8827822	8840265	1
X	8840946	8922381	1
X	8922569	8927624	1
X	8928067	8928161	1
X	8928647	8928806	1
X	8929101	8929223	1
X	8929667	8948809	1
X	8956084	8990335	1
X	8990339	9016999	1
X	9017003	9086797	1
X	9087736	9087887	1
X	9087935	9088024	1
X	9088964	9089123	1
X	9089171	9137608	1
X	9138742	9203915	1
X	9204025	9204091	1
X	9204096	9257136	1
X	9257426	9260180	1
X	9260188	9260743	1
X	9261033	9262785	1
X	9262793	9268241	1
X	9268262	9269185	1
X	9269248	9270507	1
X	9270531	9272276	1
X	9272337	9313731	1
X	9313770	9396824	1
X	9396896	9422795	1
X	9422933	9423154	1
X	9423289	9508176	1
X	9509457	9515532	1
X	9515599	9534791	1
X	9534844	9556716	1
X	9557119	9575822	1
X	9575934	9597459	1
X	9597560	9597617	1
X	9597787	9623335	1
X	9623425	9623605	1
X	9626015	9726356	1
X	9726606	9798537	1
X	9805067	9805138	1
X	9805405	9809128	1
X	9809189	9809270	1
X	9809349	9809661	1
X	9809689	9809762	1
X	9810084	9870020	1
X	9870223	9880819	1
X	9880830	9881046	1
X	9881069	9904994	1
X	9905238	9905436	1
X	9905500	9919844	1
X	9919869	9941641	1
X	9941665	9956268	1
X	9956306	10007529	1
X	10007569	10048601	1
X	10048664	10048794	1
X	10048824	10095177	1
X	10100938	10101802	1
X	10102150	10102322	1
X	10102638	10102906	1
X	10103133	10120495	1
X	10120758	10120845	1
X	10120985	10138252	1
X	10145525	10240040	1
X	10240043	10240144	1
X	10240151	10261833	1
X	10261904	10261986	1
X	10262016	10262108	1
X	10262114	10262192	1
X	10262391	10267335	1
X	10275211	10275271	1
X	10276270	10302424	1
X	10302439	10330447	1
X	10330501	10330628	1
X	10330682	10340126	1
X	10340280	10348833	1
X	10356181	10395043	1
X	10395121	10395183	1
X	10395206	10395266	1
X	10396455	10416924	1
X	10417047	10417707	1
X	10417802	10439095	1
X	10439246	10488958	1
X	10489111	10525083	1
X	10531950	10550893	1
X	10552135	10589075	1
X	10590021	10622117	1
X	10623184	10645279	1
X	10645293	10660904	1
X	10661893	10686101	1
X	10686614	10686809	1
X	10686841	10687035	1
X	10691004	10830514	1
X	10831136	10918881	1
X	10919419	10949546	1
X	10949669	10949947	1
X	10951099	10971630	1
X	10971773	10971825	1
X	10971840	10989900	1
X	10991202	11040556	1
X	11041070	11096029	1
X	11102921	11184286	1
X	11189145	11194468	1
X	11195801	11199504	1
X	11201174	11201368	1
X	11201666	11240521	1
X	11240809	11248946	1
X	11250002	11268604	1
X	11269872	11271291	1
X	11272682	11272873	1
X	11273011	11309942	1
X	11310046	11310288	1
X	11310435	11312092	1
X	11317070	11317232	1
X	11318746	11318927	1
X	11319226	11414107	1
X	11414225	11474611	1
X	11474616	11487614	1
X	11490707	11490911	1
X	11491088	11531943	1
X	11531972	11532058	1
X	11532093	11532158	1
X	11532228	11535068	1
X	11541331	11559074	1
X	11559276	11559506	1
X	11559529	11571487	1
X	11571514	11584850	1
X	11584884	11585300	1
X	11585396	11585962	1
X	11599998	11633442	1
X	11640292	11645149	1
X	11646139	11646246	1
X	11646509	11646614	1
X	11646711	11646911	1
X	11647004	11647159	1
X	11648095	11662008	1
X	11662245	11662409	1
X	11662647	11737439	1
X	11743437	11743617	1
X	11750522	11750704	1
X	11756702	11757420	1
X	11757767	11780116	1
X	11780549	11780727	1
X	11780877	11781049	1
X	11781262	11781406	1
X	11781499	11889257	1
X	11891131	11891432	1
X	11891555	11918676	1
X	11918683	11919059	1
X	11919124	11919341	1
X	11919490	11919597	1
X	11919604	11919939	1
X	11920003	11920222	1
X	11920375	12046808	1
X	12047787	12061188	1
X	12063434	12063646	1
X	12063753	12093577	1
X	12093693	12110607	1
X	12110964	12124060	1
X	12124069	12124129	1
X	12124192	12124270	1
X	12124306	12124370	1
X	12124399	12124859	1
X	12125227	12168171	1
X	12173391	12187874	1
X	12188218	12188459	1
X	12189336	12301998	1
X	12303070	12336392	1
X	12337315	12337497	1
X	12337853	12338014	1
X	12338318	12351803	1
X	12352114	12371081	1
X	12371927	12381909	1
X	12382960	12383132	1
X	12385597	12493391	1
X	12493454	12524579	1
X	12524637	12683378	1
X	12683400	12759650	1
X	12759706	12760512	1
X	12760533	12763400	1
X	12763457	12764137	1
X	12764212	12770988	1
X	12771369	12794761	1
X	12797744	12928641	1
X	12928962	12930616	1
X	12937508	12998170	1
X	12998693	13019166	1
X	13019246	13019313	1
X	13019335	13019502	1
X	13020073	13056660	1
X	13056798	13056959	1
X	13056996	13100531	1
X	13100635	13113079	1
X	13113276	13113329	1
X	13113641	13113707	1
X	13113713	13126772	1
X	13126954	13153615	1
X	13154034	13175462	1
X	13177640	13177817	1
X	13181770	13181940	1
X	13184125	13184293	1
X	13188241	13194638	1
X	13194698	13194886	1
X	13194959	13195040	1
X	13195060	13195120	1
X	13195155	13241906	1
X	13241966	13242084	1
X	13242338	13335952	1
X	13336187	13360810	1
X	13361425	13361522	1
X	13361616	13361828	1
X	13362305	13401540	1
X	13401635	13429521	1
X	13430416	13463679	1
X	13469039	13474409	1
X	13474517	13693649	1
X	13693667	13795604	1
X	13795717	13798238	1
X	13798252	13798983	1
X	13799095	13938006	1
X	13941057	13999705	1
X	13999745	13999987	1
X	14000717	14001100	1
X	14004374	14004547	1
X	14006920	14015742	1
X	14016162	14016347	1
X	14016896	14016970	1
X	14017096	14030797	1
X	14031055	14031136	1
X	14035153	14045944	1
X	14046080	14046609	1
X	14061341	14105072	1
X	14113991	14157636	1
X	14163071	14170129	1
X	14170275	14170491	1
X	14170578	14170715	1
X	14170791	14171826	1
X	14172054	14172379	1
X	14172405	14252131	1
X	14252151	14252276	1
X	14252745	14252919	1
X	14253093	14278240	1
X	14281368	14281418	1
X	14281889	14281978	1
X	14282469	14282616	1
X	14283813	14283891	1
X	14284438	14284677	1
X	14285167	14285223	1
X	14285684	14285764	1
X	14287710	14304091	1
X	14308758	14308937	1
X	14310121	14314568	1
X	14314831	14315321	1
X	14315347	14315468	1
X	14315761	14315946	1
X	14317123	14378617	1
X	14379813	14379959	1
X	14380188	14380243	1
X	14380251	14380963	1
X	14381089	14387832	1
X	14387901	14416351	1
X	14420891	14469591	1
X	14469687	14470293	1
X	14470398	14512676	1
X	14512760	14551594	1
X	14559139	14589709	1
X	14589735	14605360	1
X	14606153	14636496	1
X	14641718	14776030	1
X	14776080	14777810	1
X	14777818	14778072	1
X	14782636	14818815	1
X	14823768	14842792	1
X	14842872	14844079	1
X	14844086	14846774	1
X	14846852	14848056	1
X	14848063	14914909	1
X	14914975	14915490	1
X	14915526	14915809	1
X	14915995	14936908	1
X	14945933	15034117	1
X	15041449	15076819	1
X	15076979	15221345	1
X	15221355	15221410	1
X	15221564	15221705	1
X	15221891	15273735	1
X	15274690	15326736	1
X	15326744	15340496	1
X	15340505	15340713	1
X	15341373	15341446	1
X	15341752	15341824	1
X	15341878	15342981	1
X	15342989	15343224	1
X	15343884	15343957	1
X	15344263	15344335	1
X	15344389	15413091	1
X	15417153	15421956	1
X	15422415	15422584	1
X	15423253	15435696	1
X	15435932	15450651	1
X	15450674	15451380	1
X	15451730	15548254	1
X	15548493	15555227	1
X	15555695	15555879	1
X	15555881	15574923	1
X	15575393	15575567	1
X	15575569	15580206	1
X	15580283	15580377	1
X	15580454	15668235	1
X	15668570	15668763	1
X	15668983	15676473	1
X	15676695	15676857	1
X	15677212	15693573	1
X	15693702	15793746	1
X	15793874	15794190	1
X	15795457	15795632	1
X	15795759	15795972	1
X	15796193	15796933	1
X	15797061	15797360	1
X	15798628	15798793	1
X	15798920	15799104	1
X	15799324	15837245	1
X	15837373	16012573	1
X	16013097	16013231	1
X	16015494	16015704	1
X	16018154	16018335	1
X	16019281	16019470	1
X	16034830	16034963	1
X	16039153	16039275	1
X	16040336	16040446	1
X	16041653	16041840	1
X	16042510	16042713	1
X	16043394	16043603	1
X	16048495	16048648	1
X	16057302	16057851	1
X	16059480	16222826	1
X	16230946	16254605	1
X	16254669	16340717	1
X	16349628	16363330	1
X	16363488	16364127	1
X	16364167	16492680	1
X	16498042	16557750	1
X	16558697	16566350	1
X	16567296	16809200	1
X	16809245	16809485	1
X	16809539	16812141	1
X	16812184	16812421	1
X	16812473	16936060	1
X	16936212	17057977	1
X	17057999	17113781	1
X	17114101	17114268	1
X	17119194	17145205	1
X	17145439	17145554	1
X	17145784	17195238	1
X	17200110	17262334	1
X	17262339	17431398	1
X	17431509	17556994	1
X	17557242	17792983	1
X	17794874	17795047	1
X	17795062	17795242	1
X	17795380	17795547	1
X	17796069	17888464	1
X	17893468	17893616	1
X	17894217	17894409	1
X	17895754	17895830	1
X	17898440	17898620	1
X	17905864	18131573	1
X	18131585	18194111	1
X	18194412	18429526	1
X	18434627	18555414	1
X	18556716	18754370	1
X	18755974	18756159	1
X	18756183	18756378	1
X	18756851	18757039	1
X	18757812	18780856	1
X	18780961	18781726	1
X	18783327	18785779	1
X	18785882	18786411	1
X	18788010	18957097	1
X	18957871	18958070	1
X	18958171	18958363	1
X	18965551	19060423	1
X	19064989	19136588	1
X	19141633	19141808	1
X	19143285	19352187	1
X	19352285	19357028	1
X	19357257	19357393	1
X	19358243	19370159	1
X	19370257	19380198	1
X	19380217	19437286	1
X	19444605	19452798	1
X	19452893	19472170	1
X	19472489	19695569	1
X	19695619	19695733	1
X	19695952	19710105	1
X	19711682	19797379	1
X	19804478	19812753	1
X	19812812	19816089	1
X	19816149	19907478	1
X	19921392	19921570	1
X	19925431	19925602	1
X	19958534	20033338	1
X	20035540	20035734	1
X	20036761	20093525	1
X	20093720	20093836	1
X	20096276	20096478	1
X	20096651	20111222	1
X	20111395	20141097	1
X	20143552	20143662	1
X	20143861	20163286	1
X	20164967	20171501	1
X	20172365	20174825	1
X	20187937	20188111	1
X	20203635	20203808	1
X	20230829	20233896	1
X	20234774	20259047	1
X	20259083	20259325	1
X	20259524	20290479	1
X	20300206	20300386	1
X	20310112	20377369	1
X	20378582	20442534	1
X	20442991	20446147	1
X	20446184	20446411	1
X	20446609	20464788	1
X	20465246	20504161	1
X	20505461	20527517	1
X	20527899	20574177	1
X	20574559	20669424	1
X	20670783	20672849	1
X	20673981	20674621	1
X	20674757	20674996	1
X	20676769	20836776	1
X	20844145	20929683	1
X	20930010	20930214	1
X	20930285	20940773	1
X	20942003	20957020	1
X	20962235	20963017	1
X	20963042	20964933	1
X	20964960	21005283	1
X	21005339	21005534	1
X	21005856	21033104	1
X	21033129	21043671	1
X	21043910	21061897	1
X	21062151	21086178	1
X	21086974	21095662	1
X	21096001	21096178	1
X	21096209	21096309	1
X	21096681	21099374	1
X	21099711	21141252	1
X	21144712	21144890	1
X	21145128	21145776	1
X	21146833	21147195	1
X	21149752	21149928	1
X	21149986	21150190	1
X	21154759	21154927	1
X	21155983	21156277	1
X	21156398	21158414	1
X	21160970	21161137	1
X	21161196	21161368	1
X	21165903	21166655	1
X	21166897	21167084	1
X	21170536	21172845	1
X	21173143	21173293	1
X	21173382	21173574	1
X	21173674	21254747	1
X	21254871	21255055	1
X	21255086	21458730	1
X	21463944	21471588	1
X	21471680	21471746	1
X	21472064	21474443	1
X	21474586	21522233	1
X	21522235	21522488	1
X	21522763	21523448	1
X	21523553	21523749	1
X	21523753	21524040	1
X	21524382	21524689	1
X	21525066	21525116	1
X	21525213	21525404	1
X	21525593	21525927	1
X	21526154	21526220	1
X	21526540	21527010	1
X	21527322	21527821	1
X	21528578	21528859	1
X	21529470	21529646	1
X	21529944	21530162	1
X	21531033	21531301	1
X	21531664	21531730	1
X	21532123	21532307	1
X	21532430	21532602	1
X	21533448	21533621	1
X	21533989	21534177	1
X	21534319	21534535	1
X	21534649	21534844	1
X	21535329	21535467	1
X	21535468	21535547	1
X	21535659	21535817	1
X	21536300	21536579	1
X	21543825	21544006	1
X	21544076	21544254	1
X	21545676	21545864	1
X	21546777	21546904	1
X	21550599	21550775	1
X	21552766	21552978	1
X	21553493	21554026	1
X	21554184	21554617	1
X	21554682	21555237	1
X	21555386	21555462	1
X	21555472	21555696	1
X	21555736	21595611	1
X	21598452	21605998	1
X	21622648	21622840	1
X	21623665	21624220	1
X	21624238	21625186	1
X	21625870	21639999	1
X	21640972	21641136	1
X	21647516	21647707	1
X	21648597	21648766	1
X	21655359	21657204	1
X	21657841	21658120	1
X	21658977	21659180	1
X	21659906	21660102	1
X	21660518	21660695	1
X	21661795	21661971	1
X	21662019	21662228	1
X	21666769	21666976	1
X	21667371	21667571	1
X	21667707	21668272	1
X	21668366	21668418	1
X	21668463	21668801	1
X	21668999	21670011	1
X	21671502	21671615	1
X	21671798	21671971	1
X	21672197	21672462	1
X	21674284	21674485	1
X	21675490	21675596	1
X	21676235	21676347	1
X	21676544	21676714	1
X	21677460	21677673	1
X	21677922	21678006	1
X	21678582	21678642	1
X	21680356	21680540	1
X	21687018	21687325	1
X	21687408	21687828	1
X	21688876	21688943	1
X	21704120	21704236	1
X	21710328	21710420	1
X	21712479	21712642	1
X	21715596	21715778	1
X	21716597	21716774	1
X	21718045	21718167	1
X	21720516	21720715	1
X	21721000	21721150	1
X	21723692	21723858	1
X	21731415	21731578	1
X	21731607	21731780	1
X	21732840	21733013	1
X	21733411	21733505	1
X	21733905	21734076	1
X	21734124	21734307	1
X	21735751	21735930	1
X	21737085	21737276	1
X	21737690	21737880	1
X	21738657	21738835	1
X	21738836	21739008	1
X	21739317	21739716	1
X	21740442	21740622	1
X	21741346	21741439	1
X	21741562	21741761	1
X	21743103	21743305	1
X	21743844	21744079	1
X	21744592	21744758	1
X	21745729	21745795	1
X	21746479	21746586	1
X	21746919	21747012	1
X	21749507	21749672	1
X	21749947	21750117	1
X	21750718	21750931	1
X	21751197	21751247	1
X	21751586	21751925	1
X	21751984	21752144	1
X	21759392	21759554	1
X	21759614	21759781	1
X	21760528	21760873	1
X	21762737	21762819	1
X	21763945	21764043	1
X	21764069	21764123	1
X	21764222	21764856	1
X	21764867	21768061	1
X	21768466	21768757	1
X	21768771	21769328	1
X	21769412	21770636	1
X	21770715	21771427	1
X	21771607	21771773	1
X	21772273	21772479	1
X	21774190	21774372	1
X	21776268	21776390	1
X	21776946	21777129	1
X	21778117	21778189	1
X	21778353	21778412	1
X	21778430	21778564	1
X	21779082	21779217	1
X	21779459	21779830	1
X	21780506	21780705	1
X	21781698	21781759	1
X	21781762	21781940	1
X	21782265	21782452	1
X	21782636	21782862	1
X	21783081	21783265	1
X	21783383	21783582	1
X	21783868	21784075	1
X	21784762	21785023	1
X	21785044	21785133	1
X	21785513	21785955	1
X	21786103	21786304	1
X	21787404	21787691	1
X	21787700	21787893	1
X	21789356	21789537	1
X	21789551	21789754	1
X	21789966	21790721	1
X	21791299	21791556	1
X	21791586	21791648	1
X	21791710	21791905	1
X	21791910	21792220	1
X	21792454	21792621	1
X	21792840	21792924	1
X	21794122	21794231	1
X	21797100	21797267	1
X	21798243	21798308	1
X	21798420	21798588	1
X	21801273	21801421	1
X	21801439	21801608	1
X	21802504	21802717	1
X	21806473	21806639	1
X	21807150	21807228	1
X	21813815	21813984	1
X	21828892	21829061	1
X	21830397	21830556	1
X	21833672	21833835	1
X	21836188	21836355	1
X	21852053	21852208	1
X	21852307	21852475	1
X	21854780	21854954	1
X	21863496	21863662	1
X	21871629	21871818	1
X	21871836	21872041	1
X	21887788	21887946	1
X	21894184	21894364	1
X	21894681	21894875	1
X	21900443	21900637	1
X	21903489	21903660	1
X	21905947	21905997	1
X	21906275	21906363	1
X	21908100	21908266	1
X	21909828	21910008	1
X	21910209	21910283	1
X	21912202	21912376	1
X	21912729	21912790	1
X	21913875	21914022	1
X	21916836	21917026	1
X	21917291	21917459	1
X	21918053	21918259	1
X	21918295	21918441	1
X	21918937	21919184	1
X	21919315	21920076	1
X	21922120	21922461	1
X	21925884	21926074	1
X	21926447	21926630	1
X	21926689	21926897	1
X	21926907	21927449	1
X	21927703	21928001	1
X	21928190	21928836	1
X	21928971	21929169	1
X	21930271	21930449	1
X	21931920	21932113	1
X	21932127	21932334	1
X	21932542	21933070	1
X	21933649	21933886	1
X	21933913	21933977	1
X	21934037	21934262	1
X	21934263	21934436	1
X	21934561	21934862	1
X	21935098	21935275	1
X	21937054	21937232	1
X	21939643	21939775	1
X	21940191	21940405	1
X	21940748	21940820	1
X	21941146	21941198	1
X	21942107	21942164	1
X	21942851	21943037	1
X	21943571	21943744	1
X	21944530	21944713	1
X	21944717	21944885	1
X	21945217	21945408	1
X	21945996	21946095	1
X	21946301	21949537	1
X	21949544	21950151	1
X	21950356	21950539	1
X	21950948	21951134	1
X	21952060	21952237	1
X	21952654	21952756	1
X	21952787	21952925	1
X	21953043	21953130	1
X	21953289	21953426	1
X	21954312	21954490	1
X	21956382	21956554	1
X	21958279	21958505	1
X	21958954	21959200	1
X	21959349	21961549	1
X	21961824	21962764	1
X	21962894	21963425	1
X	21964937	21965104	1
X	21971941	21972103	1
X	21973987	21974979	1
X	21975216	21975394	1
X	21975516	21975566	1
X	21975683	21975740	1
X	21976266	21976609	1
X	21976696	21976877	1
X	21977486	21977689	1
X	21978599	21978792	1
X	21979789	21979915	1
X	21980320	21980488	1
X	21984317	21984491	1
X	21993837	21994031	1
X	21999389	21999565	1
X	22006181	22006350	1
X	22017093	22017157	1
X	22035682	22035740	1
X	22045490	22045558	1
X	22050270	22050390	1
X	22053282	22053381	1
X	22055280	22055351	1
X	22062048	22062209	1
X	22067868	22068043	1
X	22068802	22068890	1
X	22078674	22078848	1
X	22083747	22083937	1
X	22084108	22084295	1
X	22086486	22086655	1
X	22086872	22087012	1
X	22093718	22093893	1
X	22095323	22095488	1
X	22112818	22112996	1
X	22114043	22114215	1
X	22116722	22117067	1
X	22121849	22121917	1
X	22121990	22122101	1
X	22122254	22122377	1
X	22122747	22122933	1
X	22123511	22123685	1
X	22124609	22124790	1
X	22125195	22125598	1
X	22125838	22126081	1
X	22126090	22126167	1
X	22127080	22127426	1
X	22128259	22128492	1
X	22128597	22128788	1
X	22130883	22131059	1
X	22131556	22131824	1
X	22132592	22132646	1
X	22132688	22132868	1
X	22133037	22133498	1
X	22133554	22133851	1
X	22134579	22134781	1
X	22135493	22135678	1
X	22136086	22136194	1
X	22136942	22137313	1
X	22137362	22138129	1
X	22138728	22138898	1
X	22139495	22140317	1
X	22203595	22203758	1
X	22208956	22209122	1
X	22218692	22218870	1
X	22222937	22223101	1
X	22252233	22252406	1
X	22252585	22257742	1
X	22258482	22258570	1
X	22258579	22258831	1
X	22258943	22259189	1
X	22269940	22270104	1
X	22279687	22279855	1
X	22280995	22281186	1
X	22371997	22372261	1
X	22372730	22372943	1
X	22373104	22373979	1
X	22374728	22374805	1
X	22374816	22375068	1
X	22375181	22375468	1
X	22381867	22382167	1
X	22383254	22383318	1
X	22384415	22384671	1
X	22386240	22386388	1
X	22386601	22386840	1
X	22392090	22392143	1
X	22392186	22392364	1
X	22397543	22397726	1
X	22397923	22398129	1
X	22398317	22398798	1
X	22399107	22399342	1
X	22399411	22399785	1
X	22399881	22400074	1
X	22402216	22402393	1
X	22402685	22402892	1
X	22403728	22403943	1
X	22404088	22405193	1
X	22405219	22406748	1
X	22406888	22407168	1
X	22408739	22408923	1
X	22409348	22409501	1
X	22410173	22410375	1
X	22411146	22411335	1
X	22411464	22411631	1
X	22411677	22411865	1
X	22412006	22412071	1
X	22412239	22412567	1
X	22413077	22413379	1
X	22413680	22413773	1
X	22413943	22414009	1
X	22414299	22414473	1
X	22424448	22424641	1
X	22425318	22425513	1
X	22425540	22425804	1
X	22425823	22427680	1
X	22428526	22428961	1
X	22429052	22429425	1
X	22429444	22429495	1
X	22429541	22429834	1
X	22429873	22430320	1
X	22430339	22430413	1
X	22430445	22430561	1
X	22430697	22430873	1
X	22430999	22431123	1
X	22431260	22431476	1
X	22432258	22432469	1
X	22432512	22432735	1
X	22432819	22433180	1
X	22433319	22433470	1
X	22433880	22434039	1
X	22434088	22434369	1
X	22434485	22436242	1
X	22436248	22436989	1
X	22437051	22437663	1
X	22437911	22438171	1
X	22438686	22438862	1
X	22439344	22439523	1
X	22439621	22439881	1
X	22441144	22441356	1
X	22441728	22458803	1
X	22458830	22509839	1
X	22509866	22522665	1
X	22523553	22523629	1
X	22525256	22551424	1
X	22551471	22551812	1
X	22555890	22557435	1
X	22557448	22559403	1
X	22559455	22560633	1
X	22560681	22560782	1
X	22561483	22561832	1
X	22561833	22561909	1
X	22562188	22565042	1
X	22569905	22570230	1
X	22570312	22585861	1
X	22585907	22610985	1
X	22612761	22620518	1
X	22625495	22625687	1
X	22626576	22645263	1
X	22645307	22681516	1
X	22688761	22697536	1
X	22701601	22753716	1
X	22753765	22770392	1
X	22770396	22771541	1
X	22773516	22773704	1
X	22774605	22812066	1
X	22813271	22813466	1
X	22816576	22842240	1
X	22842532	22842600	1
X	22842845	22843034	1
X	22843215	22882340	1
X	22882633	22882700	1
X	22882834	22886562	1
X	22886858	22887031	1
X	22888121	22888214	1
X	22889234	22894292	1
X	22894293	22899559	1
X	22900042	22907069	1
X	22907072	22907498	1
X	22907648	22908713	1
X	22908783	22908995	1
X	22910243	22910403	1
X	22913009	22913516	1
X	22913581	22925161	1
X	22925171	22928820	1
X	22929749	22930120	1
X	22930141	22931539	1
X	22932583	22933013	1
X	22933067	22937488	1
X	22937536	22939275	1
X	22939644	22939796	1
X	22940002	22940152	1
X	22942856	22943034	1
X	22943113	22943512	1
X	22944431	22944633	1
X	22944654	22946898	1
X	22948062	22948234	1
X	22948288	22948360	1
X	22948370	22948422	1
X	22948592	22949900	1
X	22949982	22950180	1
X	22952266	22952375	1
X	22955101	22955411	1
X	22955623	22956118	1
X	22956169	22967842	1
X	22967855	22969674	1
X	22969724	22969959	1
X	22971233	22971294	1
X	22971353	22971420	1
X	22971431	22971483	1
X	22971608	22971778	1
X	22972842	22973104	1
X	22973150	22973329	1
X	22974416	22974752	1
X	22978400	22978683	1
X	22978895	22987130	1
X	22988050	22988214	1
X	22989582	22996336	1
X	22997153	22997278	1
X	22997291	22997454	1
X	23000103	23000293	1
X	23003354	23006427	1
X	23006454	23016739	1
X	23018226	23020444	1
X	23021679	23036416	1
X	23037601	23039696	1
X	23040705	23052895	1
X	23053300	23053542	1
X	23055440	23055609	1
X	23056014	23056177	1
X	23062155	23062442	1
X	23064342	23075644	1
X	23075707	23076605	1
X	23076618	23081204	1
X	23081314	23094220	1
X	23095481	23102738	1
X	23104003	23108425	1
X	23109474	23109641	1
X	23148742	23148798	1
X	23151264	23151448	1
X	23151773	23151953	1
X	23153727	23154012	1
X	23154049	23155100	1
X	23155113	23158535	1
X	23158583	23159066	1
X	23162964	23163098	1
X	23163991	23166936	1
X	23167666	23168014	1
X	23171910	23172606	1
X	23172653	23178455	1
X	23178461	23178710	1
X	23178784	23179644	1
X	23179697	23180764	1
X	23180882	23181193	1
X	23181195	23181336	1
X	23181351	23186283	1
X	23186344	23186758	1
X	23186817	23189978	1
X	23190015	23190081	1
X	23190275	23190469	1
X	23190484	23191430	1
X	23191542	23191736	1
X	23191745	23191860	1
X	23191990	23192116	1
X	23192147	23192386	1
X	23192553	23193013	1
X	23193014	23193079	1
X	23193267	23193352	1
X	23193367	23193487	1
X	23193598	23193957	1
X	23193990	23194655	1
X	23194791	23195494	1
X	23195539	23195742	1
X	23195877	23197238	1
X	23197256	23198042	1
X	23198046	23198230	1
X	23198965	23199194	1
X	23199434	23199686	1
X	23199729	23200244	1
X	23200318	23200798	1
X	23200861	23201281	1
X	23201350	23201642	1
X	23201644	23202463	1
X	23202484	23202965	1
X	23203159	23203717	1
X	23204058	23204278	1
X	23204479	23204707	1
X	23204751	23205081	1
X	23205523	23205682	1
X	23206341	23206596	1
X	23206906	23207273	1
X	23208030	23208210	1
X	23208322	23208419	1
X	23209191	23209265	1
X	23209439	23209626	1
X	23210240	23210788	1
X	23210879	23211183	1
X	23212030	23212201	1
X	23216956	23217100	1
X	23219906	23220081	1
X	23227696	23227760	1
X	23228641	23228808	1
X	23230543	23230721	1
X	23232363	23232534	1
X	23234834	23235085	1
X	23235690	23235759	1
X	23236256	23236322	1
X	23240983	23241170	1
X	23253352	23253431	1
X	23254226	23254408	1
X	23260186	23260243	1
X	23263675	23264070	1
X	23264087	23264291	1
X	23266379	23266546	1
X	23271354	23271436	1
X	23272846	23272940	1
X	23276743	23276858	1
X	23277817	23277992	1
X	23278360	23278540	1
X	23279924	23280122	1
X	23281052	23281226	1
X	23283283	23283359	1
X	23285930	23286151	1
X	23286756	23286856	1
X	23289655	23290109	1
X	23290264	23290543	1
X	23290582	23290855	1
X	23290879	23291021	1
X	23291057	23291170	1
X	23291823	23292019	1
X	23308206	23308376	1
X	23315295	23315403	1
X	23318698	23318805	1
X	23319858	23320032	1
X	23321514	23321680	1
X	23327283	23327472	1
X	23327511	23327693	1
X	23332464	23332613	1
X	23339215	23339399	1
X	23343445	23343621	1
X	23344545	23344711	1
X	23346384	23346558	1
X	23346822	23347000	1
X	23347337	23347596	1
X	23347949	23348116	1
X	23353348	23353401	1
X	23353605	23353684	1
X	23354241	23354317	1
X	23354352	23354443	1
X	23354634	23354866	1
X	23354906	23355030	1
X	23355081	23355257	1
X	23355349	23355524	1
X	23355627	23355789	1
X	23358987	23359101	1
X	23362706	23362889	1
X	23366124	23366311	1
X	23370603	23370692	1
X	23371193	23371253	1
X	23371866	23372040	1
X	23372111	23372284	1
X	23373697	23373841	1
X	23374945	23375115	1
X	23375277	23375443	1
X	23375540	23375726	1
X	23376180	23376378	1
X	23377798	23377895	1
X	23381605	23381671	1
X	23384333	23384494	1
X	23386627	23386690	1
X	23388786	23388922	1
X	23389042	23389132	1
X	23390532	23390627	1
X	23393895	23393945	1
X	23393948	23394039	1
X	23394498	23394637	1
X	23397671	23397852	1
X	23398488	23398655	1
X	23399241	23399416	1
X	23399528	23399701	1
X	23403361	23403515	1
X	23405678	23405844	1
X	23406848	23406964	1
X	23412036	23412132	1
X	23412875	23412957	1
X	23413567	23413631	1
X	23415937	23415991	1
X	23416166	23416234	1
X	23417616	23417791	1
X	23418272	23418451	1
X	23419740	23419917	1
X	23431654	23431965	1
X	23433623	23433972	1
X	23434116	23434336	1
X	23438512	23438693	1
X	23440113	23440298	1
X	23441399	23441582	1
X	23441955	23442141	1
X	23444015	23444068	1
X	23444089	23444193	1
X	23444854	23444933	1
X	23446736	23446823	1
X	23451140	23453843	1
X	23454090	23454175	1
X	23454448	23454640	1
X	23456803	23458245	1
X	23458267	23458503	1
X	23458721	23458899	1
X	23459252	23459843	1
X	23460033	23461740	1
X	23466621	23466930	1
X	23468899	23469080	1
X	23469684	23469783	1
X	23471780	23471857	1
X	23472462	23472649	1
X	23473297	23473483	1
X	23486889	23487076	1
X	23489821	23489891	1
X	23490567	23490750	1
X	23494452	23494761	1
X	23496554	23496669	1
X	23497453	23497693	1
X	23498653	23498823	1
X	23499510	23499676	1
X	23499848	23500015	1
X	23503644	23503824	1
X	23504503	23504678	1
X	23507549	23507701	1
X	23507826	23508139	1
X	23508702	23508859	1
X	23509110	23509290	1
X	23509321	23509497	1
X	23509999	23510166	1
X	23510686	23510870	1
X	23511971	23512125	1
X	23524219	23524317	1
X	23529762	23529832	1
X	23530353	23530471	1
X	23530769	23530982	1
X	23535413	23535584	1
X	23537698	23537880	1
X	23538523	23538714	1
X	23539136	23539291	1
X	23540628	23540752	1
X	23541029	23541083	1
X	23541664	23541832	1
X	23541994	23542053	1
