Y	1007	1175	1
Y	9230	11397	1
Y	11642	11800	1
Y	13540	13703	1
Y	14275	14360	1
Y	19437	19610	1
Y	22186	22398	1
Y	22824	29990	1
Y	30123	30310	1
Y	30665	30861	1
Y	31370	31436	1
Y	31500	35081	1
Y	35186	35985	1
Y	36017	36158	1
Y	36176	37112	1
Y	37180	37443	1
Y	40964	41139	1
Y	44504	45340	1
Y	45360	45410	1
Y	45479	45872	1
Y	45881	46588	1
Y	48390	48564	1
Y	49927	50210	1
Y	50218	50459	1
Y	50538	50714	1
Y	50782	50857	1
Y	51242	51371	1
Y	51828	52008	1
Y	53246	53439	1
Y	53960	54059	1
Y	54064	54257	1
Y	55951	56060	1
Y	56319	56373	1
Y	56866	56931	1
Y	57510	57686	1
Y	58410	58585	1
Y	58602	58946	1
Y	59151	59225	1
Y	60269	60353	1
Y	61163	61326	1
Y	61523	61696	1
Y	61890	62009	1
Y	62137	62304	1
Y	62627	62695	1
Y	62942	63810	1
Y	63997	64614	1
Y	64755	66279	1
Y	66283	66798	1
Y	66873	67297	1
Y	67344	67780	1
Y	67837	68714	1
Y	68737	69163	1
Y	69187	69421	1
Y	69496	69697	1
Y	69898	70357	1
Y	70385	70681	1
Y	70919	71562	1
Y	77305	77467	1
Y	82754	82975	1
Y	83224	87262	1
Y	88784	90795	1
Y	90884	92518	1
Y	92523	96353	1
Y	97798	106786	1
Y	106852	107020	1
Y	107446	107515	1
Y	108123	108188	1
Y	108419	108636	1
Y	108666	108936	1
Y	108985	109297	1
Y	109518	109573	1
Y	109770	110080	1
Y	110105	110426	1
Y	113708	113874	1
Y	119545	119724	1
Y	121360	121571	1
Y	121710	121771	1
Y	124209	124309	1
Y	124555	130791	1
Y	130827	131260	1
Y	131392	131689	1
Y	131704	131928	1
Y	131947	132611	1
Y	136339	136529	1
Y	146084	148741	1
Y	152044	152238	1
Y	152361	152549	1
Y	155716	155905	1
Y	155987	156352	1
Y	156876	157194	1
Y	157330	157514	1
Y	157899	158091	1
Y	158247	159729	1
Y	160450	160772	1
Y	162101	162433	1
Y	162580	162708	1
Y	163635	163738	1
Y	164284	164496	1
Y	165505	168648	1
Y	168650	169961	1
Y	170010	170126	1
Y	170191	170761	1
Y	170912	171244	1
Y	171800	171880	1
Y	171974	172455	1
Y	172703	172813	1
Y	172883	173195	1
Y	173292	173482	1
Y	173550	173838	1
Y	173905	174099	1
Y	174786	174843	1
Y	175085	175274	1
Y	175361	175570	1
Y	176409	176459	1
Y	176520	176655	1
Y	176749	176843	1
Y	176917	176974	1
Y	178196	178397	1
Y	178883	179054	1
Y	180558	180734	1
Y	181009	181190	1
Y	181231	181323	1
Y	182680	182804	1
Y	183469	183786	1
Y	183835	184378	1
Y	184525	184717	1
Y	184836	186416	1
Y	186907	187076	1
Y	187563	188713	1
Y	188727	188777	1
Y	188795	189131	1
Y	189210	189404	1
Y	189569	189847	1
Y	189903	198955	1
Y	198956	200368	1
Y	200406	200728	1
Y	203558	204721	1
Y	204739	205768	1
Y	207819	207923	1
Y	207970	208863	1
Y	218203	218370	1
Y	219456	219637	1
Y	223352	223540	1
Y	224693	224866	1
Y	225895	226079	1
Y	234329	234465	1
Y	235519	235687	1
Y	237149	237391	1
Y	238593	238782	1
Y	238845	238903	1
Y	238938	238993	1
Y	239475	239625	1
Y	242635	242784	1
Y	242956	243128	1
Y	243420	243476	1
Y	246160	246846	1
Y	248577	248645	1
Y	248754	248948	1
Y	249067	249227	1
Y	249386	249912	1
Y	249914	250231	1
Y	250345	250836	1
Y	251013	251136	1
Y	251331	251428	1
Y	251440	251557	1
Y	251578	251776	1
Y	251833	252028	1
Y	252142	254164	1
Y	254171	254482	1
Y	254553	254787	1
Y	255416	255591	1
Y	262731	262929	1
Y	262985	263165	1
Y	263338	263689	1
Y	263938	264182	1
Y	266765	266856	1
Y	267365	267545	1
Y	270791	271030	1
Y	275396	275829	1
Y	275851	276248	1
Y	276301	276588	1
Y	277260	277397	1
Y	278877	278946	1
Y	280210	280313	1
Y	283010	283301	1
Y	283870	284287	1
Y	287543	287703	1
Y	288787	288956	1
Y	289853	290202	1
Y	290964	291140	1
Y	292452	292650	1
Y	293613	293786	1
Y	293823	293999	1
Y	296405	296686	1
Y	297507	297679	1
Y	299105	299278	1
Y	300637	300895	1
Y	302350	307383	1
Y	307392	311309	1
Y	311332	312478	1
Y	315800	315860	1
Y	317258	317369	1
Y	317521	317696	1
Y	321467	321653	1
Y	321971	322154	1
Y	322312	322666	1
Y	323421	323720	1
Y	323856	324029	1
Y	325256	327532	1
Y	327581	330876	1
Y	331219	331408	1
Y	332506	332871	1
Y	340011	340106	1
Y	340620	341082	1
Y	341710	341885	1
Y	342670	342869	1
Y	343210	343345	1
Y	346253	346452	1
Y	349221	349720	1
Y	349745	349819	1
Y	350233	351932	1
Y	353528	353680	1
Y	355975	357472	1
Y	357532	358097	1
Y	358294	358418	1
Y	358875	359046	1
Y	360335	360597	1
Y	360598	360649	1
Y	360732	363903	1
Y	364080	364254	1
Y	368331	368502	1
Y	376925	377569	1
Y	379188	379311	1
Y	379855	380391	1
Y	380425	380607	1
Y	380627	381263	1
Y	381281	382116	1
Y	382151	382414	1
Y	382426	382614	1
Y	382767	382968	1
Y	383660	383725	1
Y	386506	386703	1
Y	389044	389237	1
Y	390107	390851	1
Y	391035	391227	1
Y	391261	391443	1
Y	391500	391682	1
Y	392088	392265	1
Y	393303	393476	1
Y	394649	394729	1
Y	394746	394832	1
Y	400937	401126	1
Y	402007	403935	1
Y	404121	404414	1
Y	404933	405011	1
Y	405845	405901	1
Y	409371	409550	1
Y	412338	412497	1
Y	414321	414501	1
Y	418027	418185	1
Y	420675	420847	1
Y	424050	424266	1
Y	424683	425030	1
Y	425218	425689	1
Y	425784	425854	1
Y	426931	427166	1
Y	427664	427715	1
Y	428617	428790	1
Y	428933	429242	1
Y	429269	429334	1
Y	429344	429755	1
Y	429847	430045	1
Y	430289	430547	1
Y	430896	431183	1
Y	431214	431403	1
Y	431591	431655	1
Y	431927	432198	1
Y	432235	432423	1
Y	432494	432562	1
Y	433000	433180	1
Y	433466	433695	1
Y	433728	434324	1
Y	440856	441061	1
Y	441732	441906	1
Y	455182	455427	1
Y	455481	455569	1
Y	455944	456246	1
Y	456343	456534	1
Y	457803	459771	1
Y	459819	459874	1
Y	459884	460035	1
Y	461714	461884	1
Y	467413	467600	1
Y	467994	468179	1
Y	468238	469918	1
Y	469941	471933	1
Y	472020	472253	1
Y	472313	472511	1
Y	472692	473416	1
Y	473665	475352	1
Y	475371	478039	1
Y	479592	479892	1
Y	482088	482258	1
Y	485030	493525	1
Y	494700	495224	1
Y	496060	497021	1
Y	497314	497495	1
Y	497613	500829	1
Y	501065	501951	1
Y	504935	504996	1
Y	507429	507502	1
Y	507780	507863	1
Y	511897	512478	1
Y	513485	513944	1
Y	514181	514284	1
Y	517201	517447	1
Y	517750	517965	1
Y	535964	536061	1
Y	536169	536360	1
Y	536514	536696	1
Y	536887	537295	1
Y	537373	537448	1
Y	537477	537531	1
Y	537694	537904	1
Y	537957	538212	1
Y	538231	547460	1
Y	547591	547643	1
Y	547644	548469	1
Y	548594	548683	1
Y	548961	549011	1
Y	549764	549943	1
Y	550397	550452	1
Y	550481	550652	1
Y	553683	553746	1
Y	554533	554613	1
Y	555520	555608	1
Y	555669	555879	1
Y	557968	561411	1
Y	572811	573608	1
Y	581793	581911	1
Y	582732	587518	1
Y	588051	588208	1
Y	589575	589757	1
Y	591081	591254	1
Y	591960	594428	1
Y	594661	594831	1
Y	594997	595185	1
Y	595366	595488	1
Y	595667	595770	1
Y	595789	599232	1
Y	610696	610896	1
Y	611594	611784	1
Y	612453	612632	1
Y	613547	613722	1
Y	613892	614123	1
Y	614247	614571	1
Y	614763	614830	1
Y	614835	615145	1
Y	615354	615798	1
Y	615876	616605	1
Y	616778	616976	1
Y	617192	617325	1
Y	617356	617552	1
Y	617586	617842	1
Y	618648	618893	1
Y	618903	619299	1
Y	619311	619521	1
Y	619754	619902	1
Y	627131	627776	1
Y	630392	630502	1
Y	633239	635547	1
Y	636145	636322	1
Y	636629	641254	1
Y	648877	649058	1
Y	650037	650157	1
Y	652283	652422	1
Y	652605	652660	1
Y	653164	655860	1
Y	656109	667437	1
Y	667556	668085	1
Y	668132	668683	1
Y	668686	670285	1
Y	675135	675312	1
Y	675328	675402	1
Y	675570	675756	1
Y	675854	676157	1
Y	676596	676978	1
Y	677097	677642	1
Y	677748	677939	1
Y	678482	678676	1
Y	678852	679261	1
Y	679304	679986	1
Y	679994	680811	1
Y	680898	681321	1
Y	681336	681490	1
Y	681561	683060	1
Y	683079	683137	1
Y	683141	683721	1
Y	683737	684513	1
Y	684580	684852	1
Y	684904	685091	1
Y	685175	685364	1
Y	685799	685855	1
Y	686740	686939	1
Y	688510	688682	1
Y	690241	690355	1
Y	690421	690728	1
Y	691175	696482	1
Y	696570	697200	1
Y	697488	697639	1
Y	697643	697715	1
Y	697721	697985	1
Y	698514	698684	1
Y	698729	699173	1
Y	699404	699463	1
Y	699546	699943	1
Y	699957	700404	1
Y	700457	700966	1
Y	701176	701828	1
Y	702137	704434	1
Y	708311	708463	1
Y	713257	713324	1
Y	713688	713878	1
Y	714678	714739	1
Y	714899	715098	1
Y	715233	715930	1
Y	717509	717697	1
Y	718127	718528	1
Y	719277	719462	1
Y	719823	720019	1
Y	724577	724753	1
Y	735810	735985	1
Y	736625	738598	1
Y	738715	739823	1
Y	739871	740048	1
Y	741239	741428	1
Y	741692	741878	1
Y	743016	743184	1
Y	746287	746458	1
Y	746926	747087	1
Y	748297	748504	1
Y	754653	754733	1
Y	757400	757586	1
Y	758146	758204	1
Y	758275	758897	1
Y	759603	759913	1
Y	760564	760743	1
Y	765318	765457	1
Y	767821	767986	1
Y	768629	768799	1
Y	768943	769285	1
Y	769321	769514	1
Y	769547	769760	1
Y	769773	770085	1
Y	770138	770325	1
Y	771399	771588	1
Y	773039	773209	1
Y	774740	774913	1
Y	775928	776096	1
Y	776902	777085	1
Y	777236	777409	1
Y	778626	778837	1
Y	778874	779292	1
Y	779409	779598	1
Y	779775	779959	1
Y	780289	780469	1
Y	780774	781142	1
Y	781159	781215	1
Y	781216	781268	1
Y	781623	781693	1
Y	782288	782455	1
Y	782594	782929	1
Y	783036	783234	1
Y	787656	787711	1
Y	790815	793309	1
Y	793403	793662	1
Y	793726	794360	1
Y	794441	797156	1
Y	797240	799372	1
Y	800406	800582	1
Y	800737	800797	1
Y	801762	801916	1
Y	803146	803321	1
Y	803991	804174	1
Y	804333	804500	1
Y	807657	807915	1
Y	808004	808178	1
Y	808683	808820	1
Y	809200	809372	1
Y	811576	811702	1
Y	814816	814979	1
Y	817092	817270	1
Y	817677	817866	1
Y	819155	819262	1
Y	820151	820326	1
Y	820449	820643	1
Y	821098	821178	1
Y	822259	822434	1
Y	822524	822722	1
Y	823171	823358	1
Y	823998	824057	1
Y	825487	826390	1
Y	826430	826940	1
Y	827298	827392	1
Y	827403	828087	1
Y	828122	828172	1
Y	828240	828322	1
Y	828450	828662	1
Y	829089	829165	1
Y	829362	830281	1
Y	830293	830477	1
Y	830752	830956	1
Y	830957	833327	1
Y	833398	833586	1
Y	833963	834144	1
Y	834214	834436	1
Y	834826	834921	1
Y	838705	838873	1
Y	849992	850103	1
Y	855313	855445	1
Y	860002	860181	1
Y	860358	860802	1
Y	861041	861096	1
Y	861664	861766	1
Y	863299	863433	1
Y	865446	865510	1
Y	865650	865830	1
Y	867657	867972	1
Y	870615	870713	1
Y	871286	871364	1
Y	875605	875777	1
Y	875945	876008	1
Y	876705	876758	1
Y	876873	876926	1
Y	878571	878745	1
Y	878874	879004	1
Y	880109	880162	1
Y	880477	880621	1
Y	882577	882746	1
Y	885555	885665	1
Y	887177	887338	1
Y	888513	888581	1
Y	888632	888719	1
Y	888724	888853	1
Y	889882	890004	1
Y	892425	892499	1
Y	894537	894691	1
Y	897406	897585	1
Y	898912	899031	1
Y	901153	901263	1
Y	902691	902749	1
Y	902895	903008	1
Y	903020	903071	1
Y	903973	904026	1
Y	904211	904284	1
Y	904427	904518	1
Y	906012	906136	1
Y	906589	906746	1
Y	908109	908281	1
Y	910744	910859	1
Y	911013	911145	1
Y	913267	913486	1
Y	914075	914145	1
Y	917623	917770	1
Y	919713	919902	1
Y	920479	920573	1
Y	921000	921150	1
Y	922533	922622	1
Y	922630	922847	1
Y	924621	924749	1
Y	925003	925183	1
Y	925233	925411	1
Y	926267	926378	1
Y	927854	928134	1
Y	928663	928769	1
Y	928908	929089	1
Y	929808	929968	1
Y	935312	935378	1
Y	938261	938313	1
Y	940357	940535	1
Y	942578	942745	1
Y	943730	943827	1
Y	943830	943902	1
Y	944286	944545	1
Y	945458	945590	1
Y	945905	945994	1
Y	946632	946808	1
Y	946821	946943	1
Y	952241	952349	1
Y	955789	956110	1
Y	956249	956364	1
Y	957099	957175	1
Y	958506	958762	1
Y	968542	968699	1
Y	969194	969408	1
Y	969483	969831	1
Y	970563	970679	1
Y	970826	970956	1
Y	970968	971152	1
Y	972566	972708	1
Y	972898	973061	1
Y	974994	975066	1
Y	975351	975475	1
Y	976633	976855	1
Y	977714	977905	1
Y	977931	977993	1
Y	979193	979280	1
Y	979736	979821	1
Y	980095	980277	1
Y	981308	981613	1
Y	985095	985175	1
Y	987220	987446	1
Y	987447	987613	1
Y	987622	987682	1
Y	989128	989228	1
Y	989353	989444	1
Y	989557	989861	1
Y	990239	990353	1
Y	990784	990956	1
Y	994548	994847	1
Y	995225	995395	1
Y	995987	996349	1
Y	996444	996577	1
Y	996590	996885	1
Y	996921	997657	1
Y	997902	997997	1
Y	998483	998533	1
Y	1004054	1004249	1
Y	1004264	1004383	1
Y	1004423	1004490	1
Y	1030381	1030497	1
Y	1030845	1031033	1
Y	1031457	1031521	1
Y	1032647	1032700	1
Y	1034023	1034125	1
Y	1035045	1035131	1
Y	1037018	1037182	1
Y	1037340	1037519	1
Y	1037924	1038129	1
Y	1040084	1040156	1
Y	1040341	1040623	1
Y	1041044	1041213	1
Y	1041668	1041726	1
Y	1041810	1041892	1
Y	1051832	1052029	1
Y	1052297	1052474	1
Y	1052772	1053030	1
Y	1053133	1053249	1
Y	1056102	1056272	1
Y	1056545	1056647	1
Y	1057104	1057276	1
Y	1058261	1058359	1
Y	1058486	1058696	1
Y	1058839	1059037	1
Y	1059325	1059513	1
Y	1060306	1060398	1
Y	1060910	1061254	1
Y	1065964	1066326	1
Y	1066975	1067108	1
Y	1067684	1067816	1
Y	1067992	1068052	1
Y	1068352	1068527	1
Y	1075436	1075601	1
Y	1076143	1076325	1
Y	1076704	1076977	1
Y	1078856	1079038	1
Y	1079588	1079773	1
Y	1080502	1080680	1
Y	1081669	1081842	1
Y	1082877	1082937	1
Y	1083820	1083991	1
Y	1084036	1084238	1
Y	1085858	1085976	1
Y	1087346	1087550	1
Y	1089164	1089332	1
Y	1089725	1089881	1
Y	1090234	1090406	1
Y	1092015	1092199	1
Y	1093584	1093761	1
Y	1094009	1094180	1
Y	1095560	1095725	1
Y	1096428	1096599	1
Y	1096690	1097005	1
Y	1097444	1097580	1
Y	1097803	1098071	1
Y	1098610	1098786	1
Y	1099139	1099278	1
Y	1099296	1099384	1
Y	1099626	1099881	1
Y	1099945	1100234	1
Y	1100865	1101054	1
Y	1101243	1101331	1
Y	1101408	1101628	1
Y	1101715	1101907	1
Y	1102298	1102488	1
Y	1102489	1102730	1
Y	1102759	1102809	1
Y	1103140	1103296	1
Y	1103386	1104533	1
Y	1104638	1104846	1
Y	1104917	1105448	1
Y	1105532	1105721	1
Y	1106088	1106293	1
Y	1106361	1106589	1
Y	1106676	1107028	1
Y	1107038	1107136	1
Y	1107138	1107206	1
Y	1107259	1107690	1
Y	1107859	1108052	1
Y	1109291	1109641	1
Y	1109746	1109951	1
Y	1109960	1110373	1
Y	1110772	1110946	1
Y	1111319	1111520	1
Y	1111609	1111899	1
Y	1112318	1112569	1
Y	1112614	1113480	1
Y	1113613	1113851	1
Y	1113926	1114226	1
Y	1114256	1114829	1
Y	1114853	1118787	1
Y	1119093	1119560	1
Y	1119568	1120058	1
Y	1120385	1127385	1
Y	1127742	1127812	1
Y	1128143	1128315	1
Y	1129680	1129842	1
Y	1136510	1136694	1
Y	1139079	1139203	1
Y	1139394	1139583	1
Y	1141173	1141722	1
Y	1141825	1141882	1
Y	1143395	1143513	1
Y	1157323	1157498	1
Y	1158556	1158611	1
Y	1160247	1160318	1
Y	1160334	1160415	1
Y	1160769	1160852	1
Y	1174500	1174680	1
Y	1181624	1181781	1
Y	1189492	1189666	1
Y	1191486	1191691	1
Y	1191728	1191916	1
Y	1191999	1192162	1
Y	1193097	1193272	1
Y	1193479	1193647	1
Y	1214734	1214896	1
Y	1215679	1215849	1
Y	1216962	1217149	1
Y	1220769	1220936	1
Y	1233374	1233558	1
Y	1233560	1233885	1
Y	1237228	1237750	1
Y	1239987	1240169	1
Y	1243759	1243931	1
Y	1273921	1274088	1
Y	1279862	1280054	1
Y	1282107	1282283	1
Y	1285912	1286057	1
Y	1293783	1293946	1
Y	1307471	1307641	1
Y	1319299	1319471	1
Y	1320122	1320306	1
Y	1335849	1335989	1
Y	1340578	1340752	1
Y	1366577	1366627	1
Y	1367687	1367873	1
Y	1370777	1370958	1
Y	1387231	1387420	1
Y	1391594	1391719	1
Y	1397400	1397576	1
Y	1400306	1400478	1
Y	1405755	1405919	1
Y	1417156	1417444	1
Y	1417622	1417678	1
Y	1417880	1418012	1
Y	1418346	1418473	1
Y	1418512	1418813	1
Y	1418932	1419349	1
Y	1419524	1419704	1
Y	1419767	1420149	1
Y	1420152	1421938	1
Y	1422474	1422663	1
Y	1422884	1422934	1
Y	1423265	1423438	1
Y	1424184	1424364	1
Y	1424414	1424869	1
Y	1425488	1425679	1
Y	1425890	1426081	1
Y	1426299	1426487	1
Y	1426669	1426870	1
Y	1426964	1427285	1
Y	1427715	1428029	1
Y	1428268	1428653	1
Y	1428696	1428802	1
Y	1429298	1429487	1
Y	1429610	1429896	1
Y	1431289	1431471	1
Y	1433259	1433382	1
Y	1433831	1434005	1
Y	1434139	1434309	1
Y	1434402	1434708	1
Y	1434881	1435060	1
Y	1435127	1435248	1
Y	1435365	1435557	1
Y	1435652	1435852	1
Y	1436091	1436175	1
Y	1436508	1436691	1
Y	1436694	1436776	1
Y	1436790	1436990	1
Y	1437771	1438068	1
Y	1438578	1438774	1
Y	1438846	1438903	1
Y	1438910	1439026	1
Y	1439031	1439133	1
Y	1439494	1439675	1
Y	1440170	1440240	1
Y	1440247	1440361	1
Y	1440483	1440912	1
Y	1443140	1443312	1
Y	1443564	1443783	1
Y	1444215	1444400	1
Y	1444472	1444579	1
Y	1447150	1447365	1
Y	1447383	1448120	1
Y	1448124	1448737	1
Y	1448878	1448963	1
Y	1448969	1449150	1
Y	1449321	1449501	1
Y	1449697	1450073	1
Y	1450075	1450135	1
Y	1451250	1451436	1
Y	1451677	1451867	1
Y	1451902	1452217	1
Y	1452256	1452343	1
Y	1452668	1452940	1
Y	1453195	1453580	1
Y	1453648	1453700	1
Y	1453810	1453981	1
Y	1454108	1454269	1
Y	1454337	1454601	1
Y	1454704	1454907	1
Y	1454960	1455169	1
Y	1455957	1456082	1
Y	1456088	1456287	1
Y	1456293	1456589	1
Y	1456692	1456930	1
Y	1535880	1536575	1
Y	1543415	1543691	1
Y	1548661	1548795	1
Y	1549570	1549737	1
Y	1577003	1577086	1
Y	1583536	1583715	1
Y	1593981	1594132	1
Y	1596343	1596419	1
Y	1599810	1599921	1
Y	1620121	1620247	1
Y	1635907	1637125	1
Y	1639342	1639528	1
Y	1640189	1640465	1
Y	1640489	1640686	1
Y	1640711	1642119	1
Y	1642683	1643064	1
Y	1653580	1653749	1
Y	1654496	1654662	1
Y	1670247	1670396	1
Y	1673949	1674275	1
Y	1676367	1676537	1
Y	1687885	1688076	1
Y	1688193	1688395	1
Y	1688467	1688723	1
Y	1693510	1693697	1
Y	1694925	1695061	1
Y	1695330	1695579	1
Y	1695630	1695693	1
Y	1695873	1696067	1
Y	1696313	1696413	1
Y	1696905	1697001	1
Y	1697273	1697362	1
Y	1698199	1698399	1
Y	1698445	1698584	1
Y	1699671	1699774	1
Y	1699930	1700026	1
Y	1700605	1700733	1
Y	1704887	1705199	1
Y	1708734	1709142	1
Y	1709816	1709913	1
Y	1709952	1710125	1
Y	1710356	1710542	1
Y	1710645	1711017	1
Y	1712549	1712728	1
Y	1712760	1712874	1
Y	1713228	1713588	1
Y	1714110	1714291	1
Y	1718516	1718684	1
Y	1721827	1721977	1
Y	1723243	1723311	1
Y	1725933	1726389	1
Y	1726688	1729230	1
Y	1729356	1729579	1
Y	1730309	1731382	1
Y	1732458	1732863	1
Y	1734353	1734674	1
Y	1734690	1735054	1
Y	1735212	1735276	1
Y	1741329	1741394	1
Y	1743267	1743434	1
Y	1755372	1755540	1
Y	1755912	1756091	1
Y	1756902	1756973	1
Y	1760981	1761160	1
Y	1764622	1764765	1
Y	1764801	1764968	1
Y	1765576	1765628	1
Y	1767480	1767660	1
Y	1767743	1768042	1
Y	1772245	1772336	1
Y	1772337	1772403	1
Y	1777348	1777529	1
Y	1777810	1777993	1
Y	1778030	1778145	1
Y	1779189	1779374	1
Y	1779469	1779522	1
Y	1779572	1779659	1
Y	1787791	1787898	1
Y	1790336	1790618	1
Y	1791694	1791900	1
Y	1793810	1793864	1
Y	1793879	1793993	1
Y	1794352	1794660	1
Y	1796008	1796140	1
Y	1796239	1796422	1
Y	1796679	1796821	1
Y	1796844	1804995	1
Y	1805021	1805287	1
Y	1805314	1809608	1
Y	1809626	1810110	1
Y	1810281	1810571	1
Y	1886022	1886464	1
Y	1886793	1887080	1
Y	1888836	1889014	1
Y	1894388	1894583	1
Y	1896835	1897009	1
Y	1900077	1900139	1
Y	1900281	1900462	1
Y	1904813	1904986	1
Y	1905133	1905191	1
Y	1907919	1908268	1
Y	1909772	1909855	1
Y	1912109	1912230	1
Y	1912243	1912695	1
Y	1913077	1913266	1
Y	1913373	1913752	1
Y	1926564	1927783	1
Y	1927974	1928219	1
Y	1928453	1928647	1
Y	1929195	1929548	1
Y	1929573	1929899	1
Y	1930232	1930425	1
Y	1930911	1931098	1
Y	1932037	1932201	1
Y	1939943	1940002	1
Y	1941879	1941985	1
Y	1959883	1960073	1
Y	1964393	1964569	1
Y	1971926	1972094	1
Y	1975122	1975317	1
Y	1975502	1975699	1
Y	1975720	1975813	1
Y	1975842	1976165	1
Y	1976364	1976721	1
Y	1976831	1977291	1
Y	1977309	1977525	1
Y	1978445	1978573	1
Y	1983381	1983441	1
Y	1984461	1984599	1
Y	1984601	1984783	1
Y	1987232	1987419	1
Y	1988009	1988228	1
Y	1994975	1995178	1
Y	1997808	1997882	1
Y	1998039	1998274	1
Y	1999509	1999763	1
Y	1999989	2000164	1
Y	2007514	2007678	1
Y	2014320	2014462	1
Y	2038265	2038427	1
Y	2038944	2039334	1
Y	2039431	2039631	1
Y	2041588	2041772	1
Y	2109570	2109829	1
Y	2111575	2111751	1
Y	2112700	2112879	1
Y	2114208	2114292	1
Y	2114757	2114931	1
Y	2115375	2115425	1
Y	2116000	2116172	1
Y	2116783	2116955	1
Y	2120671	2120840	1
Y	2122377	2122721	1
Y	2128655	2128759	1
Y	2210313	2210387	1
Y	2234958	2235126	1
Y	2315920	2315987	1
Y	2318190	2318360	1
Y	2327516	2327587	1
Y	2336664	2336780	1
Y	2343562	2343727	1
Y	2352549	2352729	1
Y	2353774	2353956	1
Y	2355188	2355355	1
Y	2355491	2355549	1
Y	2355893	2356079	1
Y	2359327	2359501	1
Y	2387491	2387670	1
Y	2389156	2389245	1
Y	2390529	2390732	1
Y	2394861	2395023	1
Y	2422072	2422226	1
Y	2435555	2435740	1
Y	2447434	2447657	1
Y	2448111	2454163	1
Y	2454214	2455276	1
Y	2455281	2456285	1
Y	2456547	2456627	1
Y	2456693	2458795	1
Y	2458910	2459007	1
Y	2462677	2462849	1
Y	2464033	2464205	1
Y	2466192	2466392	1
Y	2466404	2466464	1
Y	2466487	2467550	1
Y	2470489	2470659	1
Y	2472460	2472512	1
Y	2477446	2477621	1
Y	2477988	2478187	1
Y	2478549	2478729	1
Y	2478790	2479038	1
Y	2479405	2482303	1
Y	2483693	2483913	1
Y	2484088	2484246	1
Y	2484926	2485214	1
Y	2485401	2485483	1
Y	2485595	2485796	1
Y	2485897	2486378	1
Y	2487766	2487956	1
Y	2488135	2488284	1
Y	2490476	2490645	1
Y	2490864	2491050	1
Y	2491217	2491303	1
Y	2491692	2491747	1
Y	2492387	2492531	1
Y	2494077	2494450	1
Y	2495522	2495639	1
Y	2538136	2538205	1
Y	2574027	2574170	1
Y	2598914	2599052	1
Y	2602486	2602724	1
Y	2603215	2603347	1
Y	2610204	2610333	1
Y	2611188	2611774	1
Y	2614111	2614295	1
Y	2616780	2616974	1
Y	2616995	2617496	1
Y	2618170	2618225	1
Y	2618354	2618423	1
Y	2618457	2618902	1
Y	2619311	2619488	1
Y	2619559	2619792	1
Y	2619921	2620112	1
Y	2620209	2620561	1
Y	2620642	2620823	1
Y	2620862	2621183	1
Y	2621385	2621550	1
Y	2621566	2621653	1
Y	2621757	2622247	1
Y	2622276	2622694	1
Y	2622791	2623140	1
Y	2623209	2624151	1
Y	2624586	2624782	1
Y	2625091	2625914	1
Y	2626097	2626631	1
Y	2626644	2626846	1
Y	2627049	2627457	1
Y	2627604	2627898	1
Y	2627973	2628187	1
Y	2628677	2628845	1
Y	2629310	2629498	1
Y	2630695	2630746	1
Y	2630844	2630895	1
Y	2632447	2632741	1
Y	2632867	2632992	1
Y	2634058	2634305	1
Y	2634537	2634595	1
Y	2634627	2634967	1
Y	2638527	2638602	1
Y	2639319	2639540	1
Y	2642174	2642357	1
Y	2642458	2642626	1
Y	2648795	2648860	1
Y	2648902	2648973	1
Y	2649373	2649458	1
Y	2650231	2650478	1
Y	2652240	2652417	1
Y	2653134	2653243	1
Y	2654500	2654693	1
Y	2654768	2654892	1
Y	2668249	2668420	1
Y	2669902	2671821	1
Y	2671918	2672207	1
Y	2672449	2672625	1
Y	2673090	2673262	1
Y	2678045	2678222	1
Y	2678293	2678474	1
Y	2678810	2678945	1
Y	2680153	2680328	1
Y	2680509	2680610	1
Y	2680808	2680918	1
Y	2681031	2681249	1
Y	2682264	2682573	1
Y	2688354	2688511	1
Y	2702438	2702650	1
Y	2704844	2705018	1
Y	2705635	2705800	1
Y	2706023	2706212	1
Y	2706298	2706388	1
Y	2707225	2707400	1
Y	2709580	2709765	1
Y	2709819	2709911	1
Y	2710412	2710517	1
Y	2713444	2713602	1
Y	2713813	2713904	1
Y	2718682	2718852	1
Y	2721682	2721772	1
Y	2722250	2722329	1
Y	2723041	2723128	1
Y	2723171	2723354	1
Y	2723554	2723728	1
Y	2724268	2724362	1
Y	2728174	2728347	1
Y	2731843	2732022	1
Y	2736279	2736440	1
Y	2742054	2742229	1
Y	2744659	2744920	1
Y	2745387	2745569	1
Y	2757371	2757540	1
Y	2761492	2761745	1
Y	2761912	2762019	1
Y	2762951	2763038	1
Y	2763649	2763852	1
Y	2767802	2767987	1
Y	2771639	2771858	1
Y	2771873	2772609	1
Y	2772852	2772919	1
Y	2773528	2773841	1
Y	2775590	2775740	1
Y	2785985	2786164	1
Y	2786440	2786617	1
Y	2803537	2803729	1
Y	2819518	2819618	1
Y	2820011	2820080	1
Y	2820554	2820726	1
Y	2820780	2821000	1
Y	2821405	2821582	1
Y	2822186	2822502	1
Y	2822734	2822926	1
Y	2825481	2825658	1
Y	2831373	2831551	1
Y	2833059	2833445	1
Y	2834946	2835133	1
Y	2835573	2835784	1
Y	2838338	2838454	1
Y	2841668	2841736	1
Y	2842194	2842373	1
Y	2842711	2842884	1
Y	2844886	2845054	1
Y	2845476	2845579	1
Y	2845898	2846014	1
Y	2846100	2846348	1
Y	2847594	2847739	1
Y	2849252	2849416	1
Y	2851287	2851589	1
Y	2853034	2853198	1
Y	2853256	2853435	1
Y	2861018	2861202	1
Y	2868705	2868873	1
Y	2870464	2870928	1
Y	2873977	2874166	1
Y	2876707	2876893	1
Y	2892883	2893048	1
Y	2894328	2894505	1
Y	2900143	2900235	1
Y	2900603	2900774	1
Y	2901526	2901686	1
Y	2908212	2908388	1
Y	2908618	2908789	1
Y	2924829	2925018	1
Y	2925075	2925248	1
Y	2927750	2927800	1
Y	2934876	2935089	1
Y	2941563	2941733	1
Y	2946785	2947088	1
Y	2947515	2947687	1
Y	2985064	2985240	1
Y	3008010	3008208	1
Y	3012059	3012261	1
Y	3012298	3012793	1
Y	3013129	3013309	1
Y	3013417	3013479	1
Y	3013642	3013727	1
Y	3013874	3014151	1
Y	3014155	3014205	1
Y	3014220	3014284	1
Y	3014397	3014600	1
Y	3014688	3015005	1
Y	3015728	3015847	1
Y	3015902	3016577	1
Y	3017518	3018652	1
Y	3018846	3019109	1
Y	3019281	3019587	1
Y	3019657	3020216	1
Y	3020219	3020298	1
Y	3020306	3020571	1
Y	3020741	3020800	1
Y	3020804	3021008	1
Y	3021028	3022321	1
Y	3022880	3023126	1
Y	3023130	3023422	1
Y	3023821	3023877	1
Y	3024126	3024558	1
Y	3028302	3028396	1
Y	3033556	3033736	1
Y	3038027	3038084	1
Y	3047421	3047828	1
Y	3048183	3048576	1
Y	3048809	3049006	1
Y	3049531	3049688	1
Y	3050104	3050684	1
Y	3050920	3051567	1
Y	3051694	3051992	1
Y	3067442	3067598	1
Y	3082897	3083056	1
Y	3088402	3088496	1
Y	3089316	3089390	1
Y	3098723	3098898	1
Y	3100679	3100785	1
Y	3101750	3101929	1
Y	3107885	3108197	1
Y	3112652	3112803	1
Y	3112901	3113218	1
Y	3116261	3116367	1
Y	3116784	3116950	1
Y	3120956	3121131	1
Y	3125164	3125334	1
Y	3131955	3132141	1
Y	3133149	3133318	1
Y	3141740	3141808	1
Y	3145024	3145322	1
Y	3145840	3145920	1
Y	3146036	3146205	1
Y	3146626	3146810	1
Y	3147148	3147198	1
Y	3147591	3147783	1
Y	3148048	3148273	1
Y	3148339	3148403	1
Y	3151052	3151216	1
Y	3153517	3153672	1
Y	3161024	3161091	1
Y	3162459	3162640	1
Y	3169465	3169539	1
Y	3169726	3169900	1
Y	3169926	3170024	1
Y	3171235	3171342	1
Y	3182464	3182637	1
Y	3191074	3191247	1
Y	3207001	3207098	1
Y	3210211	3210562	1
Y	3232144	3232347	1
Y	3235686	3235743	1
Y	3235815	3235998	1
Y	3236537	3236722	1
Y	3244670	3244921	1
Y	3244971	3245022	1
Y	3245134	3245187	1
Y	3245629	3246293	1
Y	3248871	3249039	1
Y	3252235	3252303	1
Y	3256175	3256302	1
Y	3256497	3256683	1
Y	3257245	3257416	1
Y	3257567	3257671	1
Y	3258444	3258507	1
Y	3263659	3263758	1
Y	3263759	3263837	1
Y	3264108	3264167	1
Y	3264954	3265145	1
Y	3265635	3265857	1
Y	3266052	3266228	1
Y	3267643	3267727	1
Y	3268093	3268163	1
Y	3268214	3268391	1
Y	3269007	3269070	1
Y	3271314	3271494	1
Y	3272215	3272395	1
Y	3272432	3272972	1
Y	3273591	3273672	1
Y	3275739	3275844	1
Y	3277222	3277441	1
Y	3279546	3279794	1
Y	3279796	3279904	1
Y	3280092	3280201	1
Y	3280740	3280904	1
Y	3280928	3281067	1
Y	3281072	3281352	1
Y	3283423	3283520	1
Y	3283643	3283812	1
Y	3284358	3284519	1
Y	3287827	3288005	1
Y	3289077	3289158	1
Y	3290403	3290617	1
Y	3291018	3291192	1
Y	3296876	3297061	1
Y	3297063	3297252	1
Y	3302652	3302814	1
Y	3363869	3364047	1
Y	3364563	3364770	1
Y	3365583	3365753	1
Y	3377355	3377536	1
Y	3377965	3378056	1
Y	3397400	3397510	1
Y	3401770	3401953	1
Y	3405200	3405327	1
Y	3407189	3407354	1
Y	3408297	3408479	1
Y	3415528	3415658	1
Y	3426129	3426310	1
Y	3427359	3427446	1
Y	3428274	3428501	1
Y	3430453	3430631	1
Y	3432185	3432235	1
Y	3436503	3436667	1
Y	3444067	3444231	1
Y	3452246	3452432	1
Y	3456568	3456734	1
Y	3460185	3460352	1
Y	3467339	3467412	1
Y	3478294	3478478	1
Y	3479103	3479314	1
Y	3480492	3480699	1
Y	3480885	3481697	1
Y	3482990	3483159	1
Y	3487697	3487756	1
Y	3487834	3488003	1
Y	3488434	3488616	1
Y	3489801	3489972	1
Y	3490012	3490170	1
Y	3491818	3492007	1
Y	3493755	3493932	1
Y	3502306	3502356	1
Y	3502633	3502803	1
Y	3502936	3503112	1
Y	3507281	3507413	1
Y	3507569	3507734	1
Y	3509055	3509152	1
Y	3509649	3509841	1
Y	3509895	3510200	1
Y	3510235	3510381	1
Y	3510490	3510735	1
Y	3512774	3512846	1
Y	3516841	3517033	1
Y	3517313	3517498	1
Y	3517576	3517876	1
Y	3519212	3519334	1
Y	3519373	3519905	1
Y	3519928	3520273	1
Y	3520701	3520944	1
Y	3535970	3536135	1
Y	3536640	3537020	1
Y	3537649	3537972	1
Y	3538080	3538621	1
Y	3538757	3541584	1
Y	3541972	3542045	1
Y	3542051	3542123	1
Y	3542124	3542302	1
Y	3544402	3544471	1
Y	3544493	3544569	1
Y	3545613	3545701	1
Y	3545915	3545976	1
Y	3545999	3546056	1
Y	3546083	3546147	1
Y	3547254	3547313	1
Y	3547529	3547700	1
Y	3548022	3548085	1
Y	3548133	3548212	1
Y	3548246	3548528	1
Y	3548583	3549781	1
Y	3549845	3550035	1
Y	3550635	3551008	1
Y	3551114	3551281	1
Y	3551329	3551560	1
Y	3551564	3551636	1
Y	3551642	3551747	1
Y	3552357	3552431	1
Y	3552840	3552952	1
Y	3552960	3553019	1
Y	3553072	3553170	1
Y	3553498	3553567	1
Y	3553583	3553699	1
Y	3553709	3553807	1
Y	3554077	3554235	1
Y	3554237	3554372	1
Y	3554375	3554458	1
Y	3554521	3554695	1
Y	3555216	3555412	1
Y	3555501	3555850	1
Y	3555966	3556162	1
Y	3556381	3556508	1
Y	3556767	3556953	1
Y	3557823	3557900	1
Y	3558288	3558359	1
Y	3558362	3558529	1
Y	3558665	3558765	1
Y	3561504	3562319	1
Y	3562760	3565481	1
Y	3565730	3566307	1
Y	3566343	3566731	1
Y	3566748	3567035	1
Y	3567284	3567552	1
Y	3567559	3574147	1
Y	3574151	3574766	1
Y	3574783	3575081	1
Y	3577853	3578608	1
Y	3579689	3580026	1
Y	3581182	3581676	1
Y	3590101	3590580	1
Y	3590882	3590949	1
Y	3600583	3600700	1
Y	3600945	3601012	1
Y	3601278	3602055	1
Y	3602065	3602625	1
Y	3602641	3602997	1
Y	3603120	3603676	1
Y	3603943	3604223	1
Y	3604355	3604654	1
Y	3605077	3605277	1
Y	3605387	3606074	1
Y	3606089	3606203	1
Y	3606353	3606905	1
Y	3606928	3607097	1
Y	3607891	3608192	1
Y	3608258	3608331	1
Y	3608712	3609160	1
Y	3609173	3610384	1
Y	3610454	3610827	1
Y	3610878	3611314	1
Y	3611569	3611758	1
Y	3611783	3612569	1
Y	3612888	3618318	1
Y	3618689	3619008	1
Y	3619304	3619383	1
Y	3619858	3620034	1
Y	3623577	3623759	1
Y	3623967	3624152	1
Y	3624523	3624889	1
Y	3625186	3625266	1
Y	3625746	3625936	1
Y	3627167	3627356	1
Y	3629920	3630102	1
Y	3630389	3630759	1
Y	3630843	3631044	1
Y	3631498	3631680	1
Y	3631926	3631984	1
Y	3632184	3632449	1
Y	3632503	3633156	1
Y	3633377	3634081	1
Y	3634219	3635153	1
Y	3635168	3635368	1
Y	3635791	3636512	1
Y	3636517	3638018	1
Y	3638151	3638252	1
Y	3638527	3639304	1
Y	3639375	3639542	1
Y	3640113	3640211	1
Y	3647541	3647713	1
Y	3648928	3649102	1
Y	3652886	3653320	1
Y	3653421	3654227	1
Y	3655762	3655817	1
Y	3655826	3657131	1
Y	3664487	3666334	1
Y	3666583	3667153	1
